# Gamma NH Fx
1.2  20.5  2.16404e-09
1.2  20.551  2.14413e-09
1.2  20.602  2.12214e-09
1.2  20.6531  2.0979e-09
1.2  20.7041  2.07123e-09
1.2  20.7551  2.04198e-09
1.2  20.8061  2.00998e-09
1.2  20.8571  1.97507e-09
1.2  20.9082  1.93713e-09
1.2  20.9592  1.89605e-09
1.2  21.0102  1.85174e-09
1.2  21.0612  1.80416e-09
1.2  21.1122  1.75332e-09
1.2  21.1633  1.69925e-09
1.2  21.2143  1.64207e-09
1.2  21.2653  1.58193e-09
1.2  21.3163  1.51907e-09
1.2  21.3673  1.45375e-09
1.2  21.4184  1.3863e-09
1.2  21.4694  1.3171e-09
1.2  21.5204  1.24655e-09
1.2  21.5714  1.17506e-09
1.2  21.6224  1.10305e-09
1.2  21.6735  1.03095e-09
1.2  21.7245  9.59123e-10
1.2  21.7755  8.87952e-10
1.2  21.8265  8.1777e-10
1.2  21.8776  7.48892e-10
1.2  21.9286  6.81613e-10
1.2  21.9796  6.16218e-10
1.2  22.0306  5.52989e-10
1.2  22.0816  4.92211e-10
1.2  22.1327  4.34166e-10
1.2  22.1837  3.7915e-10
1.2  22.2347  3.27449e-10
1.2  22.2857  2.79334e-10
1.2  22.3367  2.35056e-10
1.2  22.3878  1.94818e-10
1.2  22.4388  1.58771e-10
1.2  22.4898  1.26995e-10
1.2  22.5408  9.94852e-11
1.2  22.5918  7.61473e-11
1.2  22.6429  5.67946e-11
1.2  22.6939  4.11523e-11
1.2  22.7449  2.8868e-11
1.2  22.7959  1.95293e-11
1.2  22.8469  1.2685e-11
1.2  22.898  7.872e-12
1.2  22.949  4.64146e-12
1.2  23  2.58403e-12
1.22653  20.5  2.15552e-09
1.22653  20.551  2.13552e-09
1.22653  20.602  2.11343e-09
1.22653  20.6531  2.08908e-09
1.22653  20.7041  2.0623e-09
1.22653  20.7551  2.03292e-09
1.22653  20.8061  2.00079e-09
1.22653  20.8571  1.96575e-09
1.22653  20.9082  1.92767e-09
1.22653  20.9592  1.88645e-09
1.22653  21.0102  1.842e-09
1.22653  21.0612  1.79428e-09
1.22653  21.1122  1.7433e-09
1.22653  21.1633  1.68911e-09
1.22653  21.2143  1.63182e-09
1.22653  21.2653  1.57159e-09
1.22653  21.3163  1.50866e-09
1.22653  21.3673  1.4433e-09
1.22653  21.4184  1.37585e-09
1.22653  21.4694  1.3067e-09
1.22653  21.5204  1.23623e-09
1.22653  21.5714  1.16488e-09
1.22653  21.6224  1.09307e-09
1.22653  21.6735  1.02121e-09
1.22653  21.7245  9.49687e-10
1.22653  21.7755  8.78871e-10
1.22653  21.8265  8.09094e-10
1.22653  21.8776  7.40669e-10
1.22653  21.9286  6.73882e-10
1.22653  21.9796  6.09014e-10
1.22653  22.0306  5.46338e-10
1.22653  22.0816  4.8613e-10
1.22653  22.1327  4.28667e-10
1.22653  22.1837  3.74233e-10
1.22653  22.2347  3.23107e-10
1.22653  22.2857  2.75552e-10
1.22653  22.3367  2.3181e-10
1.22653  22.3878  1.92076e-10
1.22653  22.4388  1.56497e-10
1.22653  22.4898  1.25146e-10
1.22653  22.5408  9.80135e-11
1.22653  22.5918  7.50041e-11
1.22653  22.6429  5.59301e-11
1.22653  22.6939  4.05178e-11
1.22653  22.7449  2.84175e-11
1.22653  22.7959  1.92211e-11
1.22653  22.8469  1.24828e-11
1.22653  22.898  7.74525e-12
1.22653  22.949  4.56605e-12
1.22653  23  2.54169e-12
1.25306  20.5  2.14725e-09
1.25306  20.551  2.12716e-09
1.25306  20.602  2.10497e-09
1.25306  20.6531  2.08051e-09
1.25306  20.7041  2.05361e-09
1.25306  20.7551  2.02411e-09
1.25306  20.8061  1.99184e-09
1.25306  20.8571  1.95666e-09
1.25306  20.9082  1.91844e-09
1.25306  20.9592  1.87707e-09
1.25306  21.0102  1.83248e-09
1.25306  21.0612  1.78461e-09
1.25306  21.1122  1.73349e-09
1.25306  21.1633  1.67917e-09
1.25306  21.2143  1.62176e-09
1.25306  21.2653  1.56144e-09
1.25306  21.3163  1.49843e-09
1.25306  21.3673  1.43303e-09
1.25306  21.4184  1.36558e-09
1.25306  21.4694  1.29646e-09
1.25306  21.5204  1.22608e-09
1.25306  21.5714  1.15486e-09
1.25306  21.6224  1.08323e-09
1.25306  21.6735  1.01161e-09
1.25306  21.7245  9.40385e-10
1.25306  21.7755  8.69918e-10
1.25306  21.8265  8.00541e-10
1.25306  21.8776  7.32561e-10
1.25306  21.9286  6.6626e-10
1.25306  21.9796  6.01911e-10
1.25306  22.0306  5.3978e-10
1.25306  22.0816  4.80136e-10
1.25306  22.1327  4.23246e-10
1.25306  22.1837  3.69387e-10
1.25306  22.2347  3.18828e-10
1.25306  22.2857  2.71825e-10
1.25306  22.3367  2.28611e-10
1.25306  22.3878  1.89376e-10
1.25306  22.4388  1.54257e-10
1.25306  22.4898  1.23324e-10
1.25306  22.5408  9.65643e-11
1.25306  22.5918  7.38786e-11
1.25306  22.6429  5.50791e-11
1.25306  22.6939  3.98933e-11
1.25306  22.7449  2.79742e-11
1.25306  22.7959  1.89179e-11
1.25306  22.8469  1.22838e-11
1.25306  22.898  7.62057e-12
1.25306  22.949  4.49188e-12
1.25306  23  2.50005e-12
1.27959  20.5  2.13924e-09
1.27959  20.551  2.11905e-09
1.27959  20.602  2.09675e-09
1.27959  20.6531  2.07218e-09
1.27959  20.7041  2.04516e-09
1.27959  20.7551  2.01553e-09
1.27959  20.8061  1.98312e-09
1.27959  20.8571  1.9478e-09
1.27959  20.9082  1.90944e-09
1.27959  20.9592  1.86792e-09
1.27959  21.0102  1.82317e-09
1.27959  21.0612  1.77515e-09
1.27959  21.1122  1.72389e-09
1.27959  21.1633  1.66943e-09
1.27959  21.2143  1.6119e-09
1.27959  21.2653  1.55148e-09
1.27959  21.3163  1.48839e-09
1.27959  21.3673  1.42295e-09
1.27959  21.4184  1.35548e-09
1.27959  21.4694  1.28639e-09
1.27959  21.5204  1.21608e-09
1.27959  21.5714  1.14499e-09
1.27959  21.6224  1.07354e-09
1.27959  21.6735  1.00215e-09
1.27959  21.7245  9.31218e-10
1.27959  21.7755  8.61093e-10
1.27959  21.8265  7.92109e-10
1.27959  21.8776  7.24567e-10
1.27959  21.9286  6.58744e-10
1.27959  21.9796  5.94907e-10
1.27959  22.0306  5.33315e-10
1.27959  22.0816  4.74226e-10
1.27959  22.1327  4.17902e-10
1.27959  22.1837  3.6461e-10
1.27959  22.2347  3.14611e-10
1.27959  22.2857  2.68152e-10
1.27959  22.3367  2.2546e-10
1.27959  22.3878  1.86715e-10
1.27959  22.4388  1.52051e-10
1.27959  22.4898  1.2153e-10
1.27959  22.5408  9.51373e-11
1.27959  22.5918  7.27705e-11
1.27959  22.6429  5.42414e-11
1.27959  22.6939  3.92786e-11
1.27959  22.7449  2.75379e-11
1.27959  22.7959  1.86195e-11
1.27959  22.8469  1.2088e-11
1.27959  22.898  7.49792e-12
1.27959  22.949  4.41892e-12
1.27959  23  2.45909e-12
1.30612  20.5  2.13147e-09
1.30612  20.551  2.11118e-09
1.30612  20.602  2.08878e-09
1.30612  20.6531  2.06409e-09
1.30612  20.7041  2.03694e-09
1.30612  20.7551  2.00718e-09
1.30612  20.8061  1.97464e-09
1.30612  20.8571  1.93917e-09
1.30612  20.9082  1.90065e-09
1.30612  20.9592  1.85898e-09
1.30612  21.0102  1.81408e-09
1.30612  21.0612  1.76591e-09
1.30612  21.1122  1.71449e-09
1.30612  21.1633  1.6599e-09
1.30612  21.2143  1.60224e-09
1.30612  21.2653  1.5417e-09
1.30612  21.3163  1.47853e-09
1.30612  21.3673  1.41303e-09
1.30612  21.4184  1.34555e-09
1.30612  21.4694  1.27648e-09
1.30612  21.5204  1.20624e-09
1.30612  21.5714  1.13527e-09
1.30612  21.6224  1.06399e-09
1.30612  21.6735  9.92835e-10
1.30612  21.7245  9.22182e-10
1.30612  21.7755  8.52393e-10
1.30612  21.8265  7.83795e-10
1.30612  21.8776  7.16685e-10
1.30612  21.9286  6.51334e-10
1.30612  21.9796  5.88002e-10
1.30612  22.0306  5.2694e-10
1.30612  22.0816  4.684e-10
1.30612  22.1327  4.12634e-10
1.30612  22.1837  3.59901e-10
1.30612  22.2347  3.10454e-10
1.30612  22.2857  2.64533e-10
1.30612  22.3367  2.22355e-10
1.30612  22.3878  1.84094e-10
1.30612  22.4388  1.49878e-10
1.30612  22.4898  1.19764e-10
1.30612  22.5408  9.37322e-11
1.30612  22.5918  7.16795e-11
1.30612  22.6429  5.34168e-11
1.30612  22.6939  3.86736e-11
1.30612  22.7449  2.71086e-11
1.30612  22.7959  1.83259e-11
1.30612  22.8469  1.18954e-11
1.30612  22.898  7.37727e-12
1.30612  22.949  4.34716e-12
1.30612  23  2.41882e-12
1.33265  20.5  2.12395e-09
1.33265  20.551  2.10356e-09
1.33265  20.602  2.08105e-09
1.33265  20.6531  2.05624e-09
1.33265  20.7041  2.02897e-09
1.33265  20.7551  1.99907e-09
1.33265  20.8061  1.96639e-09
1.33265  20.8571  1.93077e-09
1.33265  20.9082  1.8921e-09
1.33265  20.9592  1.85026e-09
1.33265  21.0102  1.8052e-09
1.33265  21.0612  1.75687e-09
1.33265  21.1122  1.7053e-09
1.33265  21.1633  1.65056e-09
1.33265  21.2143  1.59277e-09
1.33265  21.2653  1.53212e-09
1.33265  21.3163  1.46886e-09
1.33265  21.3673  1.4033e-09
1.33265  21.4184  1.33579e-09
1.33265  21.4694  1.26674e-09
1.33265  21.5204  1.19656e-09
1.33265  21.5714  1.1257e-09
1.33265  21.6224  1.05459e-09
1.33265  21.6735  9.83653e-10
1.33265  21.7245  9.13276e-10
1.33265  21.7755  8.43817e-10
1.33265  21.8265  7.75598e-10
1.33265  21.8776  7.08913e-10
1.33265  21.9286  6.44027e-10
1.33265  21.9796  5.81193e-10
1.33265  22.0306  5.20654e-10
1.33265  22.0816  4.62656e-10
1.33265  22.1327  4.07441e-10
1.33265  22.1837  3.5526e-10
1.33265  22.2347  3.06358e-10
1.33265  22.2857  2.60967e-10
1.33265  22.3367  2.19295e-10
1.33265  22.3878  1.81512e-10
1.33265  22.4388  1.47738e-10
1.33265  22.4898  1.18024e-10
1.33265  22.5408  9.23486e-11
1.33265  22.5918  7.06054e-11
1.33265  22.6429  5.26051e-11
1.33265  22.6939  3.80782e-11
1.33265  22.7449  2.66861e-11
1.33265  22.7959  1.8037e-11
1.33265  22.8469  1.17059e-11
1.33265  22.898  7.25858e-12
1.33265  22.949  4.27658e-12
1.33265  23  2.3792e-12
1.35918  20.5  2.11668e-09
1.35918  20.551  2.09619e-09
1.35918  20.602  2.07356e-09
1.35918  20.6531  2.04863e-09
1.35918  20.7041  2.02123e-09
1.35918  20.7551  1.99119e-09
1.35918  20.8061  1.95836e-09
1.35918  20.8571  1.92259e-09
1.35918  20.9082  1.88376e-09
1.35918  20.9592  1.84176e-09
1.35918  21.0102  1.79653e-09
1.35918  21.0612  1.74804e-09
1.35918  21.1122  1.69631e-09
1.35918  21.1633  1.64141e-09
1.35918  21.2143  1.58348e-09
1.35918  21.2653  1.52271e-09
1.35918  21.3163  1.45936e-09
1.35918  21.3673  1.39373e-09
1.35918  21.4184  1.32619e-09
1.35918  21.4694  1.25715e-09
1.35918  21.5204  1.18703e-09
1.35918  21.5714  1.11628e-09
1.35918  21.6224  1.04533e-09
1.35918  21.6735  9.74606e-10
1.35918  21.7245  9.04499e-10
1.35918  21.7755  8.35363e-10
1.35918  21.8265  7.67517e-10
1.35918  21.8776  7.0125e-10
1.35918  21.9286  6.36822e-10
1.35918  21.9796  5.74479e-10
1.35918  22.0306  5.14457e-10
1.35918  22.0816  4.56993e-10
1.35918  22.1327  4.02321e-10
1.35918  22.1837  3.50685e-10
1.35918  22.2347  3.02321e-10
1.35918  22.2857  2.57452e-10
1.35918  22.3367  2.16281e-10
1.35918  22.3878  1.78969e-10
1.35918  22.4388  1.45629e-10
1.35918  22.4898  1.16311e-10
1.35918  22.5408  9.09862e-11
1.35918  22.5918  6.9548e-11
1.35918  22.6429  5.1806e-11
1.35918  22.6939  3.74921e-11
1.35918  22.7449  2.62703e-11
1.35918  22.7959  1.77528e-11
1.35918  22.8469  1.15194e-11
1.35918  22.898  7.14183e-12
1.35918  22.949  4.20715e-12
1.35918  23  2.34025e-12
1.38571  20.5  2.10965e-09
1.38571  20.551  2.08905e-09
1.38571  20.602  2.06631e-09
1.38571  20.6531  2.04126e-09
1.38571  20.7041  2.01372e-09
1.38571  20.7551  1.98354e-09
1.38571  20.8061  1.95056e-09
1.38571  20.8571  1.91464e-09
1.38571  20.9082  1.87564e-09
1.38571  20.9592  1.83347e-09
1.38571  21.0102  1.78807e-09
1.38571  21.0612  1.73941e-09
1.38571  21.1122  1.68751e-09
1.38571  21.1633  1.63246e-09
1.38571  21.2143  1.57439e-09
1.38571  21.2653  1.51349e-09
1.38571  21.3163  1.45003e-09
1.38571  21.3673  1.38433e-09
1.38571  21.4184  1.31676e-09
1.38571  21.4694  1.24772e-09
1.38571  21.5204  1.17765e-09
1.38571  21.5714  1.107e-09
1.38571  21.6224  1.03621e-09
1.38571  21.6735  9.65691e-10
1.38571  21.7245  8.95848e-10
1.38571  21.7755  8.27028e-10
1.38571  21.8265  7.59549e-10
1.38571  21.8776  6.93695e-10
1.38571  21.9286  6.29718e-10
1.38571  21.9796  5.67859e-10
1.38571  22.0306  5.08347e-10
1.38571  22.0816  4.51409e-10
1.38571  22.1327  3.97274e-10
1.38571  22.1837  3.46176e-10
1.38571  22.2347  2.98342e-10
1.38571  22.2857  2.53989e-10
1.38571  22.3367  2.13311e-10
1.38571  22.3878  1.76463e-10
1.38571  22.4388  1.43553e-10
1.38571  22.4898  1.14623e-10
1.38571  22.5408  8.96446e-11
1.38571  22.5918  6.85068e-11
1.38571  22.6429  5.10194e-11
1.38571  22.6939  3.69153e-11
1.38571  22.7449  2.58611e-11
1.38571  22.7959  1.74731e-11
1.38571  22.8469  1.1336e-11
1.38571  22.898  7.02697e-12
1.38571  22.949  4.13887e-12
1.38571  23  2.30193e-12
1.41224  20.5  2.10287e-09
1.41224  20.551  2.08216e-09
1.41224  20.602  2.0593e-09
1.41224  20.6531  2.03412e-09
1.41224  20.7041  2.00645e-09
1.41224  20.7551  1.97613e-09
1.41224  20.8061  1.94299e-09
1.41224  20.8571  1.9069e-09
1.41224  20.9082  1.86774e-09
1.41224  20.9592  1.8254e-09
1.41224  21.0102  1.77982e-09
1.41224  21.0612  1.73098e-09
1.41224  21.1122  1.67892e-09
1.41224  21.1633  1.6237e-09
1.41224  21.2143  1.56548e-09
1.41224  21.2653  1.50445e-09
1.41224  21.3163  1.44088e-09
1.41224  21.3673  1.37511e-09
1.41224  21.4184  1.30749e-09
1.41224  21.4694  1.23845e-09
1.41224  21.5204  1.16842e-09
1.41224  21.5714  1.09787e-09
1.41224  21.6224  1.02722e-09
1.41224  21.6735  9.56907e-10
1.41224  21.7245  8.87321e-10
1.41224  21.7755  8.18813e-10
1.41224  21.8265  7.51694e-10
1.41224  21.8776  6.86245e-10
1.41224  21.9286  6.22713e-10
1.41224  21.9796  5.61332e-10
1.41224  22.0306  5.02322e-10
1.41224  22.0816  4.45904e-10
1.41224  22.1327  3.92299e-10
1.41224  22.1837  3.41731e-10
1.41224  22.2347  2.9442e-10
1.41224  22.2857  2.50576e-10
1.41224  22.3367  2.10384e-10
1.41224  22.3878  1.73994e-10
1.41224  22.4388  1.41507e-10
1.41224  22.4898  1.12961e-10
1.41224  22.5408  8.83236e-11
1.41224  22.5918  6.74818e-11
1.41224  22.6429  5.0245e-11
1.41224  22.6939  3.63475e-11
1.41224  22.7449  2.54584e-11
1.41224  22.7959  1.71979e-11
1.41224  22.8469  1.11555e-11
1.41224  22.898  6.91399e-12
1.41224  22.949  4.0717e-12
1.41224  23  2.26425e-12
1.43878  20.5  2.09632e-09
1.43878  20.551  2.0755e-09
1.43878  20.602  2.05252e-09
1.43878  20.6531  2.02721e-09
1.43878  20.7041  1.9994e-09
1.43878  20.7551  1.96893e-09
1.43878  20.8061  1.93564e-09
1.43878  20.8571  1.89938e-09
1.43878  20.9082  1.86005e-09
1.43878  20.9592  1.81753e-09
1.43878  21.0102  1.77177e-09
1.43878  21.0612  1.72276e-09
1.43878  21.1122  1.67051e-09
1.43878  21.1633  1.61513e-09
1.43878  21.2143  1.55675e-09
1.43878  21.2653  1.49559e-09
1.43878  21.3163  1.43191e-09
1.43878  21.3673  1.36604e-09
1.43878  21.4184  1.29837e-09
1.43878  21.4694  1.22932e-09
1.43878  21.5204  1.15934e-09
1.43878  21.5714  1.08887e-09
1.43878  21.6224  1.01836e-09
1.43878  21.6735  9.4825e-10
1.43878  21.7245  8.78915e-10
1.43878  21.7755  8.10711e-10
1.43878  21.8265  7.43946e-10
1.43878  21.8776  6.78896e-10
1.43878  21.9286  6.15803e-10
1.43878  21.9796  5.54893e-10
1.43878  22.0306  4.96379e-10
1.43878  22.0816  4.40475e-10
1.43878  22.1327  3.87392e-10
1.43878  22.1837  3.37347e-10
1.43878  22.2347  2.90554e-10
1.43878  22.2857  2.47211e-10
1.43878  22.3367  2.075e-10
1.43878  22.3878  1.71561e-10
1.43878  22.4388  1.39491e-10
1.43878  22.4898  1.11324e-10
1.43878  22.5408  8.70222e-11
1.43878  22.5918  6.64721e-11
1.43878  22.6429  4.94825e-11
1.43878  22.6939  3.57885e-11
1.43878  22.7449  2.50619e-11
1.43878  22.7959  1.69269e-11
1.43878  22.8469  1.09779e-11
1.43878  22.898  6.8028e-12
1.43878  22.949  4.00561e-12
1.43878  23  2.22718e-12
1.46531  20.5  2.09002e-09
1.46531  20.551  2.06909e-09
1.46531  20.602  2.04599e-09
1.46531  20.6531  2.02054e-09
1.46531  20.7041  1.99259e-09
1.46531  20.7551  1.96197e-09
1.46531  20.8061  1.92851e-09
1.46531  20.8571  1.89209e-09
1.46531  20.9082  1.85257e-09
1.46531  20.9592  1.80988e-09
1.46531  21.0102  1.76394e-09
1.46531  21.0612  1.71473e-09
1.46531  21.1122  1.66231e-09
1.46531  21.1633  1.60675e-09
1.46531  21.2143  1.54821e-09
1.46531  21.2653  1.4869e-09
1.46531  21.3163  1.4231e-09
1.46531  21.3673  1.35715e-09
1.46531  21.4184  1.28942e-09
1.46531  21.4694  1.22036e-09
1.46531  21.5204  1.1504e-09
1.46531  21.5714  1.08002e-09
1.46531  21.6224  1.00965e-09
1.46531  21.6735  9.39723e-10
1.46531  21.7245  8.70633e-10
1.46531  21.7755  8.02727e-10
1.46531  21.8265  7.36311e-10
1.46531  21.8776  6.71654e-10
1.46531  21.9286  6.08993e-10
1.46531  21.9796  5.48547e-10
1.46531  22.0306  4.90522e-10
1.46531  22.0816  4.35124e-10
1.46531  22.1327  3.82556e-10
1.46531  22.1837  3.33028e-10
1.46531  22.2347  2.86744e-10
1.46531  22.2857  2.43897e-10
1.46531  22.3367  2.04659e-10
1.46531  22.3878  1.69165e-10
1.46531  22.4388  1.37507e-10
1.46531  22.4898  1.09712e-10
1.46531  22.5408  8.57412e-11
1.46531  22.5918  6.54785e-11
1.46531  22.6429  4.87321e-11
1.46531  22.6939  3.52384e-11
1.46531  22.7449  2.46719e-11
1.46531  22.7959  1.66605e-11
1.46531  22.8469  1.08032e-11
1.46531  22.898  6.69347e-12
1.46531  22.949  3.94063e-12
1.46531  23  2.19074e-12
1.49184  20.5  2.08396e-09
1.49184  20.551  2.06291e-09
1.49184  20.602  2.03968e-09
1.49184  20.6531  2.0141e-09
1.49184  20.7041  1.98601e-09
1.49184  20.7551  1.95523e-09
1.49184  20.8061  1.92161e-09
1.49184  20.8571  1.88501e-09
1.49184  20.9082  1.84531e-09
1.49184  20.9592  1.80243e-09
1.49184  21.0102  1.7563e-09
1.49184  21.0612  1.70691e-09
1.49184  21.1122  1.6543e-09
1.49184  21.1633  1.59856e-09
1.49184  21.2143  1.53985e-09
1.49184  21.2653  1.47839e-09
1.49184  21.3163  1.41446e-09
1.49184  21.3673  1.34841e-09
1.49184  21.4184  1.28063e-09
1.49184  21.4694  1.21154e-09
1.49184  21.5204  1.14161e-09
1.49184  21.5714  1.0713e-09
1.49184  21.6224  1.00106e-09
1.49184  21.6735  9.31322e-10
1.49184  21.7245  8.62472e-10
1.49184  21.7755  7.94857e-10
1.49184  21.8265  7.28783e-10
1.49184  21.8776  6.64512e-10
1.49184  21.9286  6.02277e-10
1.49184  21.9796  5.42288e-10
1.49184  22.0306  4.84747e-10
1.49184  22.0816  4.29848e-10
1.49184  22.1327  3.77789e-10
1.49184  22.1837  3.28771e-10
1.49184  22.2347  2.82989e-10
1.49184  22.2857  2.4063e-10
1.49184  22.3367  2.01859e-10
1.49184  22.3878  1.66804e-10
1.49184  22.4388  1.35551e-10
1.49184  22.4898  1.08124e-10
1.49184  22.5408  8.44798e-11
1.49184  22.5918  6.45002e-11
1.49184  22.6429  4.79934e-11
1.49184  22.6939  3.4697e-11
1.49184  22.7449  2.42881e-11
1.49184  22.7959  1.63983e-11
1.49184  22.8469  1.06314e-11
1.49184  22.898  6.58591e-12
1.49184  22.949  3.87672e-12
1.49184  23  2.15489e-12
1.51837  20.5  2.07813e-09
1.51837  20.551  2.05697e-09
1.51837  20.602  2.03361e-09
1.51837  20.6531  2.00789e-09
1.51837  20.7041  1.97965e-09
1.51837  20.7551  1.94871e-09
1.51837  20.8061  1.91492e-09
1.51837  20.8571  1.87815e-09
1.51837  20.9082  1.83827e-09
1.51837  20.9592  1.79519e-09
1.51837  21.0102  1.74887e-09
1.51837  21.0612  1.69928e-09
1.51837  21.1122  1.64647e-09
1.51837  21.1633  1.59055e-09
1.51837  21.2143  1.53167e-09
1.51837  21.2653  1.47005e-09
1.51837  21.3163  1.40599e-09
1.51837  21.3673  1.33984e-09
1.51837  21.4184  1.27199e-09
1.51837  21.4694  1.20287e-09
1.51837  21.5204  1.13296e-09
1.51837  21.5714  1.06272e-09
1.51837  21.6224  9.92607e-10
1.51837  21.6735  9.23045e-10
1.51837  21.7245  8.54428e-10
1.51837  21.7755  7.871e-10
1.51837  21.8265  7.2136e-10
1.51837  21.8776  6.5747e-10
1.51837  21.9286  5.95654e-10
1.51837  21.9796  5.36118e-10
1.51837  22.0306  4.79052e-10
1.51837  22.0816  4.24647e-10
1.51837  22.1327  3.73089e-10
1.51837  22.1837  3.24574e-10
1.51837  22.2347  2.79289e-10
1.51837  22.2857  2.37411e-10
1.51837  22.3367  1.99101e-10
1.51837  22.3878  1.64479e-10
1.51837  22.4388  1.33626e-10
1.51837  22.4898  1.06561e-10
1.51837  22.5408  8.32377e-11
1.51837  22.5918  6.35369e-11
1.51837  22.6429  4.72662e-11
1.51837  22.6939  3.41642e-11
1.51837  22.7449  2.39104e-11
1.51837  22.7959  1.61403e-11
1.51837  22.8469  1.04623e-11
1.51837  22.898  6.48011e-12
1.51837  22.949  3.81385e-12
1.51837  23  2.11964e-12
1.5449  20.5  2.07254e-09
1.5449  20.551  2.05126e-09
1.5449  20.602  2.02777e-09
1.5449  20.6531  2.00191e-09
1.5449  20.7041  1.97352e-09
1.5449  20.7551  1.94241e-09
1.5449  20.8061  1.90845e-09
1.5449  20.8571  1.8715e-09
1.5449  20.9082  1.83143e-09
1.5449  20.9592  1.78816e-09
1.5449  21.0102  1.74163e-09
1.5449  21.0612  1.69184e-09
1.5449  21.1122  1.63884e-09
1.5449  21.1633  1.58273e-09
1.5449  21.2143  1.52367e-09
1.5449  21.2653  1.46189e-09
1.5449  21.3163  1.39769e-09
1.5449  21.3673  1.33143e-09
1.5449  21.4184  1.2635e-09
1.5449  21.4694  1.19435e-09
1.5449  21.5204  1.12446e-09
1.5449  21.5714  1.05428e-09
1.5449  21.6224  9.84281e-10
1.5449  21.6735  9.14891e-10
1.5449  21.7245  8.465e-10
1.5449  21.7755  7.79453e-10
1.5449  21.8265  7.14043e-10
1.5449  21.8776  6.50527e-10
1.5449  21.9286  5.89124e-10
1.5449  21.9796  5.30033e-10
1.5449  22.0306  4.73437e-10
1.5449  22.0816  4.19518e-10
1.5449  22.1327  3.68456e-10
1.5449  22.1837  3.20437e-10
1.5449  22.2347  2.75641e-10
1.5449  22.2857  2.34239e-10
1.5449  22.3367  1.96382e-10
1.5449  22.3878  1.62188e-10
1.5449  22.4388  1.31729e-10
1.5449  22.4898  1.05021e-10
1.5449  22.5408  8.20145e-11
1.5449  22.5918  6.25886e-11
1.5449  22.6429  4.65503e-11
1.5449  22.6939  3.36397e-11
1.5449  22.7449  2.35387e-11
1.5449  22.7959  1.58864e-11
1.5449  22.8469  1.02959e-11
1.5449  22.898  6.37602e-12
1.5449  22.949  3.75201e-12
1.5449  23  2.08497e-12
1.57143  20.5  2.06719e-09
1.57143  20.551  2.04578e-09
1.57143  20.602  2.02216e-09
1.57143  20.6531  1.99616e-09
1.57143  20.7041  1.96761e-09
1.57143  20.7551  1.93634e-09
1.57143  20.8061  1.9022e-09
1.57143  20.8571  1.86506e-09
1.57143  20.9082  1.8248e-09
1.57143  20.9592  1.78133e-09
1.57143  21.0102  1.7346e-09
1.57143  21.0612  1.6846e-09
1.57143  21.1122  1.6314e-09
1.57143  21.1633  1.57509e-09
1.57143  21.2143  1.51584e-09
1.57143  21.2653  1.4539e-09
1.57143  21.3163  1.38955e-09
1.57143  21.3673  1.32317e-09
1.57143  21.4184  1.25516e-09
1.57143  21.4694  1.18598e-09
1.57143  21.5204  1.11609e-09
1.57143  21.5714  1.04597e-09
1.57143  21.6224  9.76081e-10
1.57143  21.6735  9.06857e-10
1.57143  21.7245  8.38688e-10
1.57143  21.7755  7.71914e-10
1.57143  21.8265  7.06828e-10
1.57143  21.8776  6.43681e-10
1.57143  21.9286  5.82685e-10
1.57143  21.9796  5.24033e-10
1.57143  22.0306  4.679e-10
1.57143  22.0816  4.14461e-10
1.57143  22.1327  3.63888e-10
1.57143  22.1837  3.16358e-10
1.57143  22.2347  2.72046e-10
1.57143  22.2857  2.31113e-10
1.57143  22.3367  1.93704e-10
1.57143  22.3878  1.5993e-10
1.57143  22.4388  1.2986e-10
1.57143  22.4898  1.03504e-10
1.57143  22.5408  8.081e-11
1.57143  22.5918  6.16548e-11
1.57143  22.6429  4.58456e-11
1.57143  22.6939  3.31234e-11
1.57143  22.7449  2.31728e-11
1.57143  22.7959  1.56366e-11
1.57143  22.8469  1.01322e-11
1.57143  22.898  6.27363e-12
1.57143  22.949  3.69119e-12
1.57143  23  2.05087e-12
1.59796  20.5  2.06207e-09
1.59796  20.551  2.04054e-09
1.59796  20.602  2.01678e-09
1.59796  20.6531  1.99063e-09
1.59796  20.7041  1.96192e-09
1.59796  20.7551  1.93049e-09
1.59796  20.8061  1.89617e-09
1.59796  20.8571  1.85884e-09
1.59796  20.9082  1.81838e-09
1.59796  20.9592  1.7747e-09
1.59796  21.0102  1.72776e-09
1.59796  21.0612  1.67755e-09
1.59796  21.1122  1.62414e-09
1.59796  21.1633  1.56763e-09
1.59796  21.2143  1.50819e-09
1.59796  21.2653  1.44607e-09
1.59796  21.3163  1.38157e-09
1.59796  21.3673  1.31507e-09
1.59796  21.4184  1.24698e-09
1.59796  21.4694  1.17775e-09
1.59796  21.5204  1.10786e-09
1.59796  21.5714  1.03779e-09
1.59796  21.6224  9.68007e-10
1.59796  21.6735  8.98943e-10
1.59796  21.7245  8.30989e-10
1.59796  21.7755  7.64484e-10
1.59796  21.8265  6.99715e-10
1.59796  21.8776  6.3693e-10
1.59796  21.9286  5.76336e-10
1.59796  21.9796  5.18116e-10
1.59796  22.0306  4.6244e-10
1.59796  22.0816  4.09475e-10
1.59796  22.1327  3.59384e-10
1.59796  22.1837  3.12338e-10
1.59796  22.2347  2.68502e-10
1.59796  22.2857  2.28031e-10
1.59796  22.3367  1.91065e-10
1.59796  22.3878  1.57706e-10
1.59796  22.4388  1.28019e-10
1.59796  22.4898  1.0201e-10
1.59796  22.5408  7.96238e-11
1.59796  22.5918  6.07354e-11
1.59796  22.6429  4.51518e-11
1.59796  22.6939  3.26153e-11
1.59796  22.7449  2.28128e-11
1.59796  22.7959  1.53907e-11
1.59796  22.8469  9.97118e-12
1.59796  22.898  6.1729e-12
1.59796  22.949  3.63136e-12
1.59796  23  2.01733e-12
1.62449  20.5  2.05719e-09
1.62449  20.551  2.03553e-09
1.62449  20.602  2.01163e-09
1.62449  20.6531  1.98533e-09
1.62449  20.7041  1.95646e-09
1.62449  20.7551  1.92485e-09
1.62449  20.8061  1.89035e-09
1.62449  20.8571  1.85282e-09
1.62449  20.9082  1.81216e-09
1.62449  20.9592  1.76827e-09
1.62449  21.0102  1.72112e-09
1.62449  21.0612  1.6707e-09
1.62449  21.1122  1.61707e-09
1.62449  21.1633  1.56035e-09
1.62449  21.2143  1.50071e-09
1.62449  21.2653  1.43841e-09
1.62449  21.3163  1.37376e-09
1.62449  21.3673  1.30713e-09
1.62449  21.4184  1.23894e-09
1.62449  21.4694  1.16966e-09
1.62449  21.5204  1.09976e-09
1.62449  21.5714  1.02974e-09
1.62449  21.6224  9.60056e-10
1.62449  21.6735  8.91147e-10
1.62449  21.7245  8.23402e-10
1.62449  21.7755  7.57159e-10
1.62449  21.8265  6.92703e-10
1.62449  21.8776  6.30274e-10
1.62449  21.9286  5.70075e-10
1.62449  21.9796  5.12281e-10
1.62449  22.0306  4.57057e-10
1.62449  22.0816  4.04559e-10
1.62449  22.1327  3.54944e-10
1.62449  22.1837  3.08375e-10
1.62449  22.2347  2.65009e-10
1.62449  22.2857  2.24995e-10
1.62449  22.3367  1.88464e-10
1.62449  22.3878  1.55515e-10
1.62449  22.4388  1.26206e-10
1.62449  22.4898  1.00539e-10
1.62449  22.5408  7.84558e-11
1.62449  22.5918  5.98302e-11
1.62449  22.6429  4.44689e-11
1.62449  22.6939  3.21151e-11
1.62449  22.7449  2.24585e-11
1.62449  22.7959  1.51488e-11
1.62449  22.8469  9.81274e-12
1.62449  22.898  6.07381e-12
1.62449  22.949  3.57251e-12
1.62449  23  1.98435e-12
1.65102  20.5  2.05254e-09
1.65102  20.551  2.03075e-09
1.65102  20.602  2.00671e-09
1.65102  20.6531  1.98026e-09
1.65102  20.7041  1.95122e-09
1.65102  20.7551  1.91943e-09
1.65102  20.8061  1.88474e-09
1.65102  20.8571  1.84702e-09
1.65102  20.9082  1.80615e-09
1.65102  20.9592  1.76204e-09
1.65102  21.0102  1.71467e-09
1.65102  21.0612  1.66403e-09
1.65102  21.1122  1.61018e-09
1.65102  21.1633  1.55324e-09
1.65102  21.2143  1.49341e-09
1.65102  21.2653  1.43092e-09
1.65102  21.3163  1.3661e-09
1.65102  21.3673  1.29934e-09
1.65102  21.4184  1.23105e-09
1.65102  21.4694  1.16171e-09
1.65102  21.5204  1.0918e-09
1.65102  21.5714  1.02182e-09
1.65102  21.6224  9.52228e-10
1.65102  21.6735  8.83467e-10
1.65102  21.7245  8.15926e-10
1.65102  21.7755  7.49939e-10
1.65102  21.8265  6.85789e-10
1.65102  21.8776  6.23711e-10
1.65102  21.9286  5.639e-10
1.65102  21.9796  5.06528e-10
1.65102  22.0306  4.51748e-10
1.65102  22.0816  3.99711e-10
1.65102  22.1327  3.50566e-10
1.65102  22.1837  3.04468e-10
1.65102  22.2347  2.61566e-10
1.65102  22.2857  2.22002e-10
1.65102  22.3367  1.85902e-10
1.65102  22.3878  1.53357e-10
1.65102  22.4388  1.2442e-10
1.65102  22.4898  9.90899e-11
1.65102  22.5408  7.73055e-11
1.65102  22.5918  5.89389e-11
1.65102  22.6429  4.37965e-11
1.65102  22.6939  3.16228e-11
1.65102  22.7449  2.21098e-11
1.65102  22.7959  1.49108e-11
1.65102  22.8469  9.65685e-12
1.65102  22.898  5.97633e-12
1.65102  22.949  3.51463e-12
1.65102  23  1.95192e-12
1.67755  20.5  2.04812e-09
1.67755  20.551  2.02619e-09
1.67755  20.602  2.00201e-09
1.67755  20.6531  1.9754e-09
1.67755  20.7041  1.9462e-09
1.67755  20.7551  1.91423e-09
1.67755  20.8061  1.87935e-09
1.67755  20.8571  1.84142e-09
1.67755  20.9082  1.80034e-09
1.67755  20.9592  1.75602e-09
1.67755  21.0102  1.70842e-09
1.67755  21.0612  1.65755e-09
1.67755  21.1122  1.60347e-09
1.67755  21.1633  1.54632e-09
1.67755  21.2143  1.48627e-09
1.67755  21.2653  1.42359e-09
1.67755  21.3163  1.3586e-09
1.67755  21.3673  1.2917e-09
1.67755  21.4184  1.2233e-09
1.67755  21.4694  1.1539e-09
1.67755  21.5204  1.08397e-09
1.67755  21.5714  1.01402e-09
1.67755  21.6224  9.4452e-10
1.67755  21.6735  8.75902e-10
1.67755  21.7245  8.08558e-10
1.67755  21.7755  7.42822e-10
1.67755  21.8265  6.78972e-10
1.67755  21.8776  6.17239e-10
1.67755  21.9286  5.57812e-10
1.67755  21.9796  5.00854e-10
1.67755  22.0306  4.46513e-10
1.67755  22.0816  3.94932e-10
1.67755  22.1327  3.4625e-10
1.67755  22.1837  3.00616e-10
1.67755  22.2347  2.58172e-10
1.67755  22.2857  2.19053e-10
1.67755  22.3367  1.83377e-10
1.67755  22.3878  1.5123e-10
1.67755  22.4388  1.2266e-10
1.67755  22.4898  9.76626e-11
1.67755  22.5408  7.61728e-11
1.67755  22.5918  5.80614e-11
1.67755  22.6429  4.31346e-11
1.67755  22.6939  3.11382e-11
1.67755  22.7449  2.17666e-11
1.67755  22.7959  1.46766e-11
1.67755  22.8469  9.50347e-12
1.67755  22.898  5.88043e-12
1.67755  22.949  3.4577e-12
1.67755  23  1.92001e-12
1.70408  20.5  2.04393e-09
1.70408  20.551  2.02187e-09
1.70408  20.602  1.99754e-09
1.70408  20.6531  1.97077e-09
1.70408  20.7041  1.94139e-09
1.70408  20.7551  1.90924e-09
1.70408  20.8061  1.87417e-09
1.70408  20.8571  1.83603e-09
1.70408  20.9082  1.79473e-09
1.70408  20.9592  1.75019e-09
1.70408  21.0102  1.70236e-09
1.70408  21.0612  1.65125e-09
1.70408  21.1122  1.59695e-09
1.70408  21.1633  1.53957e-09
1.70408  21.2143  1.47931e-09
1.70408  21.2653  1.41643e-09
1.70408  21.3163  1.35126e-09
1.70408  21.3673  1.28421e-09
1.70408  21.4184  1.2157e-09
1.70408  21.4694  1.14622e-09
1.70408  21.5204  1.07628e-09
1.70408  21.5714  1.00635e-09
1.70408  21.6224  9.36931e-10
1.70408  21.6735  8.6845e-10
1.70408  21.7245  8.01298e-10
1.70408  21.7755  7.35807e-10
1.70408  21.8265  6.72252e-10
1.70408  21.8776  6.10858e-10
1.70408  21.9286  5.51808e-10
1.70408  21.9796  4.95259e-10
1.70408  22.0306  4.41351e-10
1.70408  22.0816  3.90219e-10
1.70408  22.1327  3.41995e-10
1.70408  22.1837  2.96819e-10
1.70408  22.2347  2.54827e-10
1.70408  22.2857  2.16146e-10
1.70408  22.3367  1.80888e-10
1.70408  22.3878  1.49134e-10
1.70408  22.4388  1.20927e-10
1.70408  22.4898  9.62568e-11
1.70408  22.5408  7.50573e-11
1.70408  22.5918  5.71973e-11
1.70408  22.6429  4.2483e-11
1.70408  22.6939  3.06612e-11
1.70408  22.7449  2.14288e-11
1.70408  22.7959  1.44461e-11
1.70408  22.8469  9.35257e-12
1.70408  22.898  5.78609e-12
1.70408  22.949  3.40169e-12
1.70408  23  1.88864e-12
1.73061  20.5  2.03997e-09
1.73061  20.551  2.01777e-09
1.73061  20.602  1.99329e-09
1.73061  20.6531  1.96636e-09
1.73061  20.7041  1.93681e-09
1.73061  20.7551  1.90447e-09
1.73061  20.8061  1.86919e-09
1.73061  20.8571  1.83085e-09
1.73061  20.9082  1.78933e-09
1.73061  20.9592  1.74455e-09
1.73061  21.0102  1.69649e-09
1.73061  21.0612  1.64515e-09
1.73061  21.1122  1.5906e-09
1.73061  21.1633  1.53299e-09
1.73061  21.2143  1.47251e-09
1.73061  21.2653  1.40942e-09
1.73061  21.3163  1.34407e-09
1.73061  21.3673  1.27687e-09
1.73061  21.4184  1.20824e-09
1.73061  21.4694  1.13869e-09
1.73061  21.5204  1.06871e-09
1.73061  21.5714  9.98808e-10
1.73061  21.6224  9.2946e-10
1.73061  21.6735  8.6111e-10
1.73061  21.7245  7.94144e-10
1.73061  21.7755  7.28893e-10
1.73061  21.8265  6.65626e-10
1.73061  21.8776  6.04566e-10
1.73061  21.9286  5.45888e-10
1.73061  21.9796  4.89742e-10
1.73061  22.0306  4.36261e-10
1.73061  22.0816  3.85571e-10
1.73061  22.1327  3.37799e-10
1.73061  22.1837  2.93076e-10
1.73061  22.2347  2.5153e-10
1.73061  22.2857  2.13281e-10
1.73061  22.3367  1.78436e-10
1.73061  22.3878  1.4707e-10
1.73061  22.4388  1.19219e-10
1.73061  22.4898  9.48722e-11
1.73061  22.5408  7.39588e-11
1.73061  22.5918  5.63466e-11
1.73061  22.6429  4.18415e-11
1.73061  22.6939  3.01917e-11
1.73061  22.7449  2.10964e-11
1.73061  22.7959  1.42193e-11
1.73061  22.8469  9.2041e-12
1.73061  22.898  5.69329e-12
1.73061  22.949  3.34661e-12
1.73061  23  1.85778e-12
1.75714  20.5  2.03624e-09
1.75714  20.551  2.0139e-09
1.75714  20.602  1.98927e-09
1.75714  20.6531  1.96217e-09
1.75714  20.7041  1.93244e-09
1.75714  20.7551  1.89991e-09
1.75714  20.8061  1.86443e-09
1.75714  20.8571  1.82587e-09
1.75714  20.9082  1.78412e-09
1.75714  20.9592  1.73911e-09
1.75714  21.0102  1.69081e-09
1.75714  21.0612  1.63922e-09
1.75714  21.1122  1.58443e-09
1.75714  21.1633  1.52658e-09
1.75714  21.2143  1.46587e-09
1.75714  21.2653  1.40258e-09
1.75714  21.3163  1.33704e-09
1.75714  21.3673  1.26967e-09
1.75714  21.4184  1.20092e-09
1.75714  21.4694  1.13129e-09
1.75714  21.5204  1.06127e-09
1.75714  21.5714  9.91384e-10
1.75714  21.6224  9.22105e-10
1.75714  21.6735  8.5388e-10
1.75714  21.7245  7.87095e-10
1.75714  21.7755  7.22077e-10
1.75714  21.8265  6.59094e-10
1.75714  21.8776  5.98362e-10
1.75714  21.9286  5.4005e-10
1.75714  21.9796  4.84302e-10
1.75714  22.0306  4.31241e-10
1.75714  22.0816  3.80989e-10
1.75714  22.1327  3.33662e-10
1.75714  22.1837  2.89386e-10
1.75714  22.2347  2.48279e-10
1.75714  22.2857  2.10458e-10
1.75714  22.3367  1.7602e-10
1.75714  22.3878  1.45035e-10
1.75714  22.4388  1.17537e-10
1.75714  22.4898  9.35085e-11
1.75714  22.5408  7.28769e-11
1.75714  22.5918  5.55089e-11
1.75714  22.6429  4.121e-11
1.75714  22.6939  2.97296e-11
1.75714  22.7449  2.07693e-11
1.75714  22.7959  1.39961e-11
1.75714  22.8469  9.05802e-12
1.75714  22.898  5.60199e-12
1.75714  22.949  3.29242e-12
1.75714  23  1.82743e-12
1.78367  20.5  2.03274e-09
1.78367  20.551  2.01026e-09
1.78367  20.602  1.98547e-09
1.78367  20.6531  1.9582e-09
1.78367  20.7041  1.92829e-09
1.78367  20.7551  1.89556e-09
1.78367  20.8061  1.85987e-09
1.78367  20.8571  1.82109e-09
1.78367  20.9082  1.77912e-09
1.78367  20.9592  1.73387e-09
1.78367  21.0102  1.68532e-09
1.78367  21.0612  1.63348e-09
1.78367  21.1122  1.57845e-09
1.78367  21.1633  1.52035e-09
1.78367  21.2143  1.45941e-09
1.78367  21.2653  1.39589e-09
1.78367  21.3163  1.33016e-09
1.78367  21.3673  1.26262e-09
1.78367  21.4184  1.19374e-09
1.78367  21.4694  1.12402e-09
1.78367  21.5204  1.05396e-09
1.78367  21.5714  9.8408e-10
1.78367  21.6224  9.14865e-10
1.78367  21.6735  8.46759e-10
1.78367  21.7245  7.80149e-10
1.78367  21.7755  7.15359e-10
1.78367  21.8265  6.52654e-10
1.78367  21.8776  5.92244e-10
1.78367  21.9286  5.34293e-10
1.78367  21.9796  4.78936e-10
1.78367  22.0306  4.26291e-10
1.78367  22.0816  3.76471e-10
1.78367  22.1327  3.29584e-10
1.78367  22.1837  2.85748e-10
1.78367  22.2347  2.45076e-10
1.78367  22.2857  2.07675e-10
1.78367  22.3367  1.73639e-10
1.78367  22.3878  1.43031e-10
1.78367  22.4388  1.1588e-10
1.78367  22.4898  9.21653e-11
1.78367  22.5408  7.18116e-11
1.78367  22.5918  5.4684e-11
1.78367  22.6429  4.05883e-11
1.78367  22.6939  2.92747e-11
1.78367  22.7449  2.04473e-11
1.78367  22.7959  1.37765e-11
1.78367  22.8469  8.91429e-12
1.78367  22.898  5.51217e-12
1.78367  22.949  3.23912e-12
1.78367  23  1.79758e-12
1.8102  20.5  2.02947e-09
1.8102  20.551  2.00684e-09
1.8102  20.602  1.98189e-09
1.8102  20.6531  1.95445e-09
1.8102  20.7041  1.92435e-09
1.8102  20.7551  1.89143e-09
1.8102  20.8061  1.85553e-09
1.8102  20.8571  1.81652e-09
1.8102  20.9082  1.77431e-09
1.8102  20.9592  1.72881e-09
1.8102  21.0102  1.68001e-09
1.8102  21.0612  1.62792e-09
1.8102  21.1122  1.57263e-09
1.8102  21.1633  1.51429e-09
1.8102  21.2143  1.4531e-09
1.8102  21.2653  1.38936e-09
1.8102  21.3163  1.32343e-09
1.8102  21.3673  1.25572e-09
1.8102  21.4184  1.1867e-09
1.8102  21.4694  1.11688e-09
1.8102  21.5204  1.04677e-09
1.8102  21.5714  9.76896e-10
1.8102  21.6224  9.07739e-10
1.8102  21.6735  8.39746e-10
1.8102  21.7245  7.73304e-10
1.8102  21.7755  7.08738e-10
1.8102  21.8265  6.46305e-10
1.8102  21.8776  5.86212e-10
1.8102  21.9286  5.28616e-10
1.8102  21.9796  4.73645e-10
1.8102  22.0306  4.2141e-10
1.8102  22.0816  3.72015e-10
1.8102  22.1327  3.25562e-10
1.8102  22.1837  2.82161e-10
1.8102  22.2347  2.41917e-10
1.8102  22.2857  2.04932e-10
1.8102  22.3367  1.71293e-10
1.8102  22.3878  1.41056e-10
1.8102  22.4388  1.14248e-10
1.8102  22.4898  9.08422e-11
1.8102  22.5408  7.07624e-11
1.8102  22.5918  5.38719e-11
1.8102  22.6429  3.99762e-11
1.8102  22.6939  2.88269e-11
1.8102  22.7449  2.01304e-11
1.8102  22.7959  1.35604e-11
1.8102  22.8469  8.77288e-12
1.8102  22.898  5.42382e-12
1.8102  22.949  3.1867e-12
1.8102  23  1.76822e-12
1.83673  20.5  2.02642e-09
1.83673  20.551  2.00364e-09
1.83673  20.602  1.97853e-09
1.83673  20.6531  1.95092e-09
1.83673  20.7041  1.92063e-09
1.83673  20.7551  1.8875e-09
1.83673  20.8061  1.85139e-09
1.83673  20.8571  1.81215e-09
1.83673  20.9082  1.7697e-09
1.83673  20.9592  1.72395e-09
1.83673  21.0102  1.6749e-09
1.83673  21.0612  1.62254e-09
1.83673  21.1122  1.56699e-09
1.83673  21.1633  1.50839e-09
1.83673  21.2143  1.44696e-09
1.83673  21.2653  1.38299e-09
1.83673  21.3163  1.31685e-09
1.83673  21.3673  1.24896e-09
1.83673  21.4184  1.17979e-09
1.83673  21.4694  1.10987e-09
1.83673  21.5204  1.03971e-09
1.83673  21.5714  9.6983e-10
1.83673  21.6224  9.00724e-10
1.83673  21.6735  8.32839e-10
1.83673  21.7245  7.66561e-10
1.83673  21.7755  7.02211e-10
1.83673  21.8265  6.40045e-10
1.83673  21.8776  5.80264e-10
1.83673  21.9286  5.23017e-10
1.83673  21.9796  4.68427e-10
1.83673  22.0306  4.16597e-10
1.83673  22.0816  3.67622e-10
1.83673  22.1327  3.21597e-10
1.83673  22.1837  2.78625e-10
1.83673  22.2347  2.38804e-10
1.83673  22.2857  2.02229e-10
1.83673  22.3367  1.6898e-10
1.83673  22.3878  1.39111e-10
1.83673  22.4388  1.12639e-10
1.83673  22.4898  8.95391e-11
1.83673  22.5408  6.97292e-11
1.83673  22.5918  5.30722e-11
1.83673  22.6429  3.93736e-11
1.83673  22.6939  2.83862e-11
1.83673  22.7449  1.98185e-11
1.83673  22.7959  1.33478e-11
1.83673  22.8469  8.63375e-12
1.83673  22.898  5.33689e-12
1.83673  22.949  3.13513e-12
1.83673  23  1.73935e-12
1.86327  20.5  2.0236e-09
1.86327  20.551  2.00067e-09
1.86327  20.602  1.97539e-09
1.86327  20.6531  1.9476e-09
1.86327  20.7041  1.91712e-09
1.86327  20.7551  1.88378e-09
1.86327  20.8061  1.84745e-09
1.86327  20.8571  1.80798e-09
1.86327  20.9082  1.76528e-09
1.86327  20.9592  1.71928e-09
1.86327  21.0102  1.66996e-09
1.86327  21.0612  1.61734e-09
1.86327  21.1122  1.56153e-09
1.86327  21.1633  1.50266e-09
1.86327  21.2143  1.44098e-09
1.86327  21.2653  1.37677e-09
1.86327  21.3163  1.31041e-09
1.86327  21.3673  1.24234e-09
1.86327  21.4184  1.17302e-09
1.86327  21.4694  1.10299e-09
1.86327  21.5204  1.03277e-09
1.86327  21.5714  9.62878e-10
1.86327  21.6224  8.93817e-10
1.86327  21.6735  8.26034e-10
1.86327  21.7245  7.59914e-10
1.86327  21.7755  6.95776e-10
1.86327  21.8265  6.33872e-10
1.86327  21.8776  5.74396e-10
1.86327  21.9286  5.17494e-10
1.86327  21.9796  4.6328e-10
1.86327  22.0306  4.11848e-10
1.86327  22.0816  3.63288e-10
1.86327  22.1327  3.17686e-10
1.86327  22.1837  2.75137e-10
1.86327  22.2347  2.35734e-10
1.86327  22.2857  1.99564e-10
1.86327  22.3367  1.66701e-10
1.86327  22.3878  1.37193e-10
1.86327  22.4388  1.11055e-10
1.86327  22.4898  8.82551e-11
1.86327  22.5408  6.87113e-11
1.86327  22.5918  5.22845e-11
1.86327  22.6429  3.87802e-11
1.86327  22.6939  2.79522e-11
1.86327  22.7449  1.95115e-11
1.86327  22.7959  1.31384e-11
1.86327  22.8469  8.4968e-12
1.86327  22.898  5.25135e-12
1.86327  22.949  3.08439e-12
1.86327  23  1.71094e-12
1.8898  20.5  2.021e-09
1.8898  20.551  1.99792e-09
1.8898  20.602  1.97248e-09
1.8898  20.6531  1.9445e-09
1.8898  20.7041  1.91382e-09
1.8898  20.7551  1.88028e-09
1.8898  20.8061  1.84372e-09
1.8898  20.8571  1.80401e-09
1.8898  20.9082  1.76106e-09
1.8898  20.9592  1.7148e-09
1.8898  21.0102  1.66522e-09
1.8898  21.0612  1.61232e-09
1.8898  21.1122  1.55623e-09
1.8898  21.1633  1.4971e-09
1.8898  21.2143  1.43516e-09
1.8898  21.2653  1.37071e-09
1.8898  21.3163  1.30413e-09
1.8898  21.3673  1.23586e-09
1.8898  21.4184  1.16639e-09
1.8898  21.4694  1.09624e-09
1.8898  21.5204  1.02595e-09
1.8898  21.5714  9.56043e-10
1.8898  21.6224  8.87022e-10
1.8898  21.6735  8.19335e-10
1.8898  21.7245  7.53368e-10
1.8898  21.7755  6.89436e-10
1.8898  21.8265  6.27788e-10
1.8898  21.8776  5.68613e-10
1.8898  21.9286  5.1205e-10
1.8898  21.9796  4.58205e-10
1.8898  22.0306  4.07167e-10
1.8898  22.0816  3.59016e-10
1.8898  22.1327  3.13831e-10
1.8898  22.1837  2.717e-10
1.8898  22.2347  2.32709e-10
1.8898  22.2857  1.96938e-10
1.8898  22.3367  1.64455e-10
1.8898  22.3878  1.35304e-10
1.8898  22.4388  1.09494e-10
1.8898  22.4898  8.69908e-11
1.8898  22.5408  6.77093e-11
1.8898  22.5918  5.15092e-11
1.8898  22.6429  3.81961e-11
1.8898  22.6939  2.75252e-11
1.8898  22.7449  1.92094e-11
1.8898  22.7959  1.29325e-11
1.8898  22.8469  8.36211e-12
1.8898  22.898  5.16723e-12
1.8898  22.949  3.03449e-12
1.8898  23  1.68301e-12
1.91633  20.5  2.01864e-09
1.91633  20.551  1.99539e-09
1.91633  20.602  1.96978e-09
1.91633  20.6531  1.94162e-09
1.91633  20.7041  1.91074e-09
1.91633  20.7551  1.87698e-09
1.91633  20.8061  1.84019e-09
1.91633  20.8571  1.80024e-09
1.91633  20.9082  1.75704e-09
1.91633  20.9592  1.71051e-09
1.91633  21.0102  1.66065e-09
1.91633  21.0612  1.60748e-09
1.91633  21.1122  1.55111e-09
1.91633  21.1633  1.4917e-09
1.91633  21.2143  1.4295e-09
1.91633  21.2653  1.36479e-09
1.91633  21.3163  1.29799e-09
1.91633  21.3673  1.22952e-09
1.91633  21.4184  1.15988e-09
1.91633  21.4694  1.08961e-09
1.91633  21.5204  1.01925e-09
1.91633  21.5714  9.49323e-10
1.91633  21.6224  8.80335e-10
1.91633  21.6735  8.12739e-10
1.91633  21.7245  7.46918e-10
1.91633  21.7755  6.83187e-10
1.91633  21.8265  6.2179e-10
1.91633  21.8776  5.62911e-10
1.91633  21.9286  5.06681e-10
1.91633  21.9796  4.53201e-10
1.91633  22.0306  4.0255e-10
1.91633  22.0816  3.54803e-10
1.91633  22.1327  3.1003e-10
1.91633  22.1837  2.68312e-10
1.91633  22.2347  2.29727e-10
1.91633  22.2857  1.9435e-10
1.91633  22.3367  1.62242e-10
1.91633  22.3878  1.33443e-10
1.91633  22.4388  1.07956e-10
1.91633  22.4898  8.57455e-11
1.91633  22.5408  6.67224e-11
1.91633  22.5918  5.07458e-11
1.91633  22.6429  3.76212e-11
1.91633  22.6939  2.71048e-11
1.91633  22.7449  1.89121e-11
1.91633  22.7959  1.27299e-11
1.91633  22.8469  8.22959e-12
1.91633  22.898  5.08447e-12
1.91633  22.949  2.98541e-12
1.91633  23  1.65554e-12
1.94286  20.5  2.01649e-09
1.94286  20.551  1.99309e-09
1.94286  20.602  1.9673e-09
1.94286  20.6531  1.93895e-09
1.94286  20.7041  1.90787e-09
1.94286  20.7551  1.87389e-09
1.94286  20.8061  1.83687e-09
1.94286  20.8571  1.79667e-09
1.94286  20.9082  1.75321e-09
1.94286  20.9592  1.70641e-09
1.94286  21.0102  1.65627e-09
1.94286  21.0612  1.60282e-09
1.94286  21.1122  1.54616e-09
1.94286  21.1633  1.48647e-09
1.94286  21.2143  1.42399e-09
1.94286  21.2653  1.35903e-09
1.94286  21.3163  1.29199e-09
1.94286  21.3673  1.22332e-09
1.94286  21.4184  1.15351e-09
1.94286  21.4694  1.08311e-09
1.94286  21.5204  1.01267e-09
1.94286  21.5714  9.42714e-10
1.94286  21.6224  8.73755e-10
1.94286  21.6735  8.06243e-10
1.94286  21.7245  7.40564e-10
1.94286  21.7755  6.77029e-10
1.94286  21.8265  6.15877e-10
1.94286  21.8776  5.57288e-10
1.94286  21.9286  5.01387e-10
1.94286  21.9796  4.48266e-10
1.94286  22.0306  3.97998e-10
1.94286  22.0816  3.50649e-10
1.94286  22.1327  3.06282e-10
1.94286  22.1837  2.64971e-10
1.94286  22.2347  2.26787e-10
1.94286  22.2857  1.91798e-10
1.94286  22.3367  1.60062e-10
1.94286  22.3878  1.31609e-10
1.94286  22.4388  1.06442e-10
1.94286  22.4898  8.45189e-11
1.94286  22.5408  6.57505e-11
1.94286  22.5918  4.99941e-11
1.94286  22.6429  3.70551e-11
1.94286  22.6939  2.6691e-11
1.94286  22.7449  1.86195e-11
1.94286  22.7959  1.25305e-11
1.94286  22.8469  8.09919e-12
1.94286  22.898  5.00305e-12
1.94286  22.949  2.93714e-12
1.94286  23  1.62852e-12
1.96939  20.5  2.01457e-09
1.96939  20.551  1.99101e-09
1.96939  20.602  1.96504e-09
1.96939  20.6531  1.9365e-09
1.96939  20.7041  1.90521e-09
1.96939  20.7551  1.87101e-09
1.96939  20.8061  1.83375e-09
1.96939  20.8571  1.7933e-09
1.96939  20.9082  1.74957e-09
1.96939  20.9592  1.7025e-09
1.96939  21.0102  1.65207e-09
1.96939  21.0612  1.59833e-09
1.96939  21.1122  1.54138e-09
1.96939  21.1633  1.48141e-09
1.96939  21.2143  1.41865e-09
1.96939  21.2653  1.35342e-09
1.96939  21.3163  1.28614e-09
1.96939  21.3673  1.21725e-09
1.96939  21.4184  1.14727e-09
1.96939  21.4694  1.07674e-09
1.96939  21.5204  1.00621e-09
1.96939  21.5714  9.36217e-10
1.96939  21.6224  8.6728e-10
1.96939  21.6735  7.99848e-10
1.96939  21.7245  7.34304e-10
1.96939  21.7755  6.70959e-10
1.96939  21.8265  6.10048e-10
1.96939  21.8776  5.51744e-10
1.96939  21.9286  4.96165e-10
1.96939  21.9796  4.43399e-10
1.96939  22.0306  3.93508e-10
1.96939  22.0816  3.46552e-10
1.96939  22.1327  3.02586e-10
1.96939  22.1837  2.61677e-10
1.96939  22.2347  2.23889e-10
1.96939  22.2857  1.89284e-10
1.96939  22.3367  1.57913e-10
1.96939  22.3878  1.29802e-10
1.96939  22.4388  1.04949e-10
1.96939  22.4898  8.33107e-11
1.96939  22.5408  6.47934e-11
1.96939  22.5918  4.92539e-11
1.96939  22.6429  3.64978e-11
1.96939  22.6939  2.62837e-11
1.96939  22.7449  1.83315e-11
1.96939  22.7959  1.23343e-11
1.96939  22.8469  7.9709e-12
1.96939  22.898  4.92296e-12
1.96939  22.949  2.88965e-12
1.96939  23  1.60195e-12
1.99592  20.5  2.01288e-09
1.99592  20.551  1.98915e-09
1.99592  20.602  1.963e-09
1.99592  20.6531  1.93426e-09
1.99592  20.7041  1.90276e-09
1.99592  20.7551  1.86833e-09
1.99592  20.8061  1.83083e-09
1.99592  20.8571  1.79012e-09
1.99592  20.9082  1.74612e-09
1.99592  20.9592  1.69877e-09
1.99592  21.0102  1.64806e-09
1.99592  21.0612  1.59402e-09
1.99592  21.1122  1.53677e-09
1.99592  21.1633  1.4765e-09
1.99592  21.2143  1.41345e-09
1.99592  21.2653  1.34796e-09
1.99592  21.3163  1.28043e-09
1.99592  21.3673  1.21132e-09
1.99592  21.4184  1.14116e-09
1.99592  21.4694  1.07048e-09
1.99592  21.5204  9.99858e-10
1.99592  21.5714  9.2983e-10
1.99592  21.6224  8.60909e-10
1.99592  21.6735  7.9355e-10
1.99592  21.7245  7.28137e-10
1.99592  21.7755  6.64977e-10
1.99592  21.8265  6.04301e-10
1.99592  21.8776  5.46277e-10
1.99592  21.9286  4.91017e-10
1.99592  21.9796  4.38599e-10
1.99592  22.0306  3.89081e-10
1.99592  22.0816  3.42512e-10
1.99592  22.1327  2.98942e-10
1.99592  22.1837  2.5843e-10
1.99592  22.2347  2.21032e-10
1.99592  22.2857  1.86806e-10
1.99592  22.3367  1.55794e-10
1.99592  22.3878  1.28021e-10
1.99592  22.4388  1.03479e-10
1.99592  22.4898  8.21206e-11
1.99592  22.5408  6.38508e-11
1.99592  22.5918  4.85251e-11
1.99592  22.6429  3.59491e-11
1.99592  22.6939  2.58828e-11
1.99592  22.7449  1.80481e-11
1.99592  22.7959  1.21412e-11
1.99592  22.8469  7.84467e-12
1.99592  22.898  4.84416e-12
1.99592  22.949  2.84294e-12
1.99592  23  1.57582e-12
2.02245  20.5  2.01141e-09
2.02245  20.551  1.98751e-09
2.02245  20.602  1.96118e-09
2.02245  20.6531  1.93224e-09
2.02245  20.7041  1.90052e-09
2.02245  20.7551  1.86586e-09
2.02245  20.8061  1.82811e-09
2.02245  20.8571  1.78715e-09
2.02245  20.9082  1.74287e-09
2.02245  20.9592  1.69523e-09
2.02245  21.0102  1.64422e-09
2.02245  21.0612  1.58988e-09
2.02245  21.1122  1.53233e-09
2.02245  21.1633  1.47176e-09
2.02245  21.2143  1.40842e-09
2.02245  21.2653  1.34265e-09
2.02245  21.3163  1.27486e-09
2.02245  21.3673  1.20553e-09
2.02245  21.4184  1.13517e-09
2.02245  21.4694  1.06435e-09
2.02245  21.5204  9.93626e-10
2.02245  21.5714  9.23552e-10
2.02245  21.6224  8.54641e-10
2.02245  21.6735  7.8735e-10
2.02245  21.7245  7.22062e-10
2.02245  21.7755  6.59081e-10
2.02245  21.8265  5.98635e-10
2.02245  21.8776  5.40886e-10
2.02245  21.9286  4.85939e-10
2.02245  21.9796  4.33865e-10
2.02245  22.0306  3.84714e-10
2.02245  22.0816  3.38528e-10
2.02245  22.1327  2.95349e-10
2.02245  22.1837  2.55228e-10
2.02245  22.2347  2.18216e-10
2.02245  22.2857  1.84363e-10
2.02245  22.3367  1.53707e-10
2.02245  22.3878  1.26267e-10
2.02245  22.4388  1.02031e-10
2.02245  22.4898  8.09483e-11
2.02245  22.5408  6.29224e-11
2.02245  22.5918  4.78074e-11
2.02245  22.6429  3.5409e-11
2.02245  22.6939  2.54881e-11
2.02245  22.7449  1.77692e-11
2.02245  22.7959  1.19511e-11
2.02245  22.8469  7.72047e-12
2.02245  22.898  4.76664e-12
2.02245  22.949  2.79699e-12
2.02245  23  1.55012e-12
2.04898  20.5  2.01016e-09
2.04898  20.551  1.98609e-09
2.04898  20.602  1.95957e-09
2.04898  20.6531  1.93043e-09
2.04898  20.7041  1.89849e-09
2.04898  20.7551  1.8636e-09
2.04898  20.8061  1.8256e-09
2.04898  20.8571  1.78436e-09
2.04898  20.9082  1.73981e-09
2.04898  20.9592  1.69188e-09
2.04898  21.0102  1.64056e-09
2.04898  21.0612  1.58591e-09
2.04898  21.1122  1.52805e-09
2.04898  21.1633  1.46717e-09
2.04898  21.2143  1.40354e-09
2.04898  21.2653  1.33748e-09
2.04898  21.3163  1.26943e-09
2.04898  21.3673  1.19987e-09
2.04898  21.4184  1.12931e-09
2.04898  21.4694  1.05834e-09
2.04898  21.5204  9.87507e-10
2.04898  21.5714  9.17382e-10
2.04898  21.6224  8.48475e-10
2.04898  21.6735  7.81246e-10
2.04898  21.7245  7.16078e-10
2.04898  21.7755  6.53271e-10
2.04898  21.8265  5.9305e-10
2.04898  21.8776  5.35571e-10
2.04898  21.9286  4.80932e-10
2.04898  21.9796  4.29197e-10
2.04898  22.0306  3.80408e-10
2.04898  22.0816  3.34599e-10
2.04898  22.1327  2.91806e-10
2.04898  22.1837  2.52071e-10
2.04898  22.2347  2.1544e-10
2.04898  22.2857  1.81955e-10
2.04898  22.3367  1.5165e-10
2.04898  22.3878  1.24538e-10
2.04898  22.4388  1.00604e-10
2.04898  22.4898  7.97936e-11
2.04898  22.5408  6.20081e-11
2.04898  22.5918  4.71007e-11
2.04898  22.6429  3.48771e-11
2.04898  22.6939  2.50996e-11
2.04898  22.7449  1.74946e-11
2.04898  22.7959  1.17641e-11
2.04898  22.8469  7.59826e-12
2.04898  22.898  4.69038e-12
2.04898  22.949  2.7518e-12
2.04898  23  1.52484e-12
2.07551  20.5  2.00914e-09
2.07551  20.551  1.98489e-09
2.07551  20.602  1.95818e-09
2.07551  20.6531  1.92883e-09
2.07551  20.7041  1.89667e-09
2.07551  20.7551  1.86154e-09
2.07551  20.8061  1.82328e-09
2.07551  20.8571  1.78178e-09
2.07551  20.9082  1.73694e-09
2.07551  20.9592  1.6887e-09
2.07551  21.0102  1.63708e-09
2.07551  21.0612  1.58212e-09
2.07551  21.1122  1.52394e-09
2.07551  21.1633  1.46275e-09
2.07551  21.2143  1.39881e-09
2.07551  21.2653  1.33246e-09
2.07551  21.3163  1.26414e-09
2.07551  21.3673  1.19434e-09
2.07551  21.4184  1.12358e-09
2.07551  21.4694  1.05244e-09
2.07551  21.5204  9.81501e-10
2.07551  21.5714  9.11317e-10
2.07551  21.6224  8.42409e-10
2.07551  21.6735  7.75237e-10
2.07551  21.7245  7.10183e-10
2.07551  21.7755  6.47545e-10
2.07551  21.8265  5.87544e-10
2.07551  21.8776  5.30329e-10
2.07551  21.9286  4.75994e-10
2.07551  21.9796  4.24593e-10
2.07551  22.0306  3.76161e-10
2.07551  22.0816  3.30725e-10
2.07551  22.1327  2.88312e-10
2.07551  22.1837  2.48959e-10
2.07551  22.2347  2.12703e-10
2.07551  22.2857  1.79581e-10
2.07551  22.3367  1.49623e-10
2.07551  22.3878  1.22835e-10
2.07551  22.4388  9.91982e-11
2.07551  22.4898  7.86562e-11
2.07551  22.5408  6.11077e-11
2.07551  22.5918  4.64048e-11
2.07551  22.6429  3.43535e-11
2.07551  22.6939  2.47172e-11
2.07551  22.7449  1.72244e-11
2.07551  22.7959  1.15801e-11
2.07551  22.8469  7.47802e-12
2.07551  22.898  4.61535e-12
2.07551  22.949  2.70734e-12
2.07551  23  1.49997e-12
2.10204  20.5  2.00834e-09
2.10204  20.551  1.98391e-09
2.10204  20.602  1.95701e-09
2.10204  20.6531  1.92745e-09
2.10204  20.7041  1.89506e-09
2.10204  20.7551  1.85968e-09
2.10204  20.8061  1.82116e-09
2.10204  20.8571  1.77938e-09
2.10204  20.9082  1.73425e-09
2.10204  20.9592  1.68572e-09
2.10204  21.0102  1.63378e-09
2.10204  21.0612  1.5785e-09
2.10204  21.1122  1.52e-09
2.10204  21.1633  1.45848e-09
2.10204  21.2143  1.39423e-09
2.10204  21.2653  1.32759e-09
2.10204  21.3163  1.25899e-09
2.10204  21.3673  1.18894e-09
2.10204  21.4184  1.11797e-09
2.10204  21.4694  1.04667e-09
2.10204  21.5204  9.75607e-10
2.10204  21.5714  9.05358e-10
2.10204  21.6224  8.36443e-10
2.10204  21.6735  7.69322e-10
2.10204  21.7245  7.04376e-10
2.10204  21.7755  6.41903e-10
2.10204  21.8265  5.82116e-10
2.10204  21.8776  5.25162e-10
2.10204  21.9286  4.71124e-10
2.10204  21.9796  4.20052e-10
2.10204  22.0306  3.71972e-10
2.10204  22.0816  3.26904e-10
2.10204  22.1327  2.84866e-10
2.10204  22.1837  2.4589e-10
2.10204  22.2347  2.10004e-10
2.10204  22.2857  1.77242e-10
2.10204  22.3367  1.47625e-10
2.10204  22.3878  1.21156e-10
2.10204  22.4388  9.78132e-11
2.10204  22.4898  7.75358e-11
2.10204  22.5408  6.02208e-11
2.10204  22.5918  4.57196e-11
2.10204  22.6429  3.38381e-11
2.10204  22.6939  2.43407e-11
2.10204  22.7449  1.69584e-11
2.10204  22.7959  1.13991e-11
2.10204  22.8469  7.35971e-12
2.10204  22.898  4.54154e-12
2.10204  22.949  2.66361e-12
2.10204  23  1.47552e-12
2.12857  20.5  2.00776e-09
2.12857  20.551  1.98315e-09
2.12857  20.602  1.95605e-09
2.12857  20.6531  1.92628e-09
2.12857  20.7041  1.89366e-09
2.12857  20.7551  1.85803e-09
2.12857  20.8061  1.81925e-09
2.12857  20.8571  1.77719e-09
2.12857  20.9082  1.73176e-09
2.12857  20.9592  1.68292e-09
2.12857  21.0102  1.63066e-09
2.12857  21.0612  1.57505e-09
2.12857  21.1122  1.51622e-09
2.12857  21.1633  1.45438e-09
2.12857  21.2143  1.3898e-09
2.12857  21.2653  1.32285e-09
2.12857  21.3163  1.25398e-09
2.12857  21.3673  1.18367e-09
2.12857  21.4184  1.11248e-09
2.12857  21.4694  1.04101e-09
2.12857  21.5204  9.69822e-10
2.12857  21.5714  8.99503e-10
2.12857  21.6224  8.30575e-10
2.12857  21.6735  7.63499e-10
2.12857  21.7245  6.98657e-10
2.12857  21.7755  6.36342e-10
2.12857  21.8265  5.76765e-10
2.12857  21.8776  5.20066e-10
2.12857  21.9286  4.66322e-10
2.12857  21.9796  4.15574e-10
2.12857  22.0306  3.67841e-10
2.12857  22.0816  3.23136e-10
2.12857  22.1327  2.81469e-10
2.12857  22.1837  2.42864e-10
2.12857  22.2347  2.07344e-10
2.12857  22.2857  1.74935e-10
2.12857  22.3367  1.45655e-10
2.12857  22.3878  1.19502e-10
2.12857  22.4388  9.64487e-11
2.12857  22.4898  7.64321e-11
2.12857  22.5408  5.93474e-11
2.12857  22.5918  4.50449e-11
2.12857  22.6429  3.33305e-11
2.12857  22.6939  2.39702e-11
2.12857  22.7449  1.66967e-11
2.12857  22.7959  1.12209e-11
2.12857  22.8469  7.2433e-12
2.12857  22.898  4.46893e-12
2.12857  22.949  2.62059e-12
2.12857  23  1.45146e-12
2.1551  20.5  2.0074e-09
2.1551  20.551  1.98261e-09
2.1551  20.602  1.95531e-09
2.1551  20.6531  1.92532e-09
2.1551  20.7041  1.89247e-09
2.1551  20.7551  1.85659e-09
2.1551  20.8061  1.81753e-09
2.1551  20.8571  1.77519e-09
2.1551  20.9082  1.72945e-09
2.1551  20.9592  1.6803e-09
2.1551  21.0102  1.62771e-09
2.1551  21.0612  1.57177e-09
2.1551  21.1122  1.5126e-09
2.1551  21.1633  1.45043e-09
2.1551  21.2143  1.38553e-09
2.1551  21.2653  1.31827e-09
2.1551  21.3163  1.2491e-09
2.1551  21.3673  1.17853e-09
2.1551  21.4184  1.10712e-09
2.1551  21.4694  1.03546e-09
2.1551  21.5204  9.64147e-10
2.1551  21.5714  8.93751e-10
2.1551  21.6224  8.24804e-10
2.1551  21.6735  7.57768e-10
2.1551  21.7245  6.93024e-10
2.1551  21.7755  6.30863e-10
2.1551  21.8265  5.71491e-10
2.1551  21.8776  5.15041e-10
2.1551  21.9286  4.61586e-10
2.1551  21.9796  4.11157e-10
2.1551  22.0306  3.63767e-10
2.1551  22.0816  3.1942e-10
2.1551  22.1327  2.78119e-10
2.1551  22.1837  2.3988e-10
2.1551  22.2347  2.04722e-10
2.1551  22.2857  1.72662e-10
2.1551  22.3367  1.43715e-10
2.1551  22.3878  1.17872e-10
2.1551  22.4388  9.51044e-11
2.1551  22.4898  7.5345e-11
2.1551  22.5408  5.84872e-11
2.1551  22.5918  4.43804e-11
2.1551  22.6429  3.28308e-11
2.1551  22.6939  2.36054e-11
2.1551  22.7449  1.6439e-11
2.1551  22.7959  1.10455e-11
2.1551  22.8469  7.12876e-12
2.1551  22.898  4.39749e-12
2.1551  22.949  2.57828e-12
2.1551  23  1.42781e-12
2.18163  20.5  2.00727e-09
2.18163  20.551  1.9823e-09
2.18163  20.602  1.95479e-09
2.18163  20.6531  1.92458e-09
2.18163  20.7041  1.89148e-09
2.18163  20.7551  1.85535e-09
2.18163  20.8061  1.81602e-09
2.18163  20.8571  1.77338e-09
2.18163  20.9082  1.72734e-09
2.18163  20.9592  1.67786e-09
2.18163  21.0102  1.62494e-09
2.18163  21.0612  1.56866e-09
2.18163  21.1122  1.50915e-09
2.18163  21.1633  1.44663e-09
2.18163  21.2143  1.3814e-09
2.18163  21.2653  1.31382e-09
2.18163  21.3163  1.24435e-09
2.18163  21.3673  1.17352e-09
2.18163  21.4184  1.10188e-09
2.18163  21.4694  1.03003e-09
2.18163  21.5204  9.5858e-10
2.18163  21.5714  8.88101e-10
2.18163  21.6224  8.19128e-10
2.18163  21.6735  7.52127e-10
2.18163  21.7245  6.87476e-10
2.18163  21.7755  6.25463e-10
2.18163  21.8265  5.66291e-10
2.18163  21.8776  5.10087e-10
2.18163  21.9286  4.56915e-10
2.18163  21.9796  4.06802e-10
2.18163  22.0306  3.59749e-10
2.18163  22.0816  3.15755e-10
2.18163  22.1327  2.74815e-10
2.18163  22.1837  2.36938e-10
2.18163  22.2347  2.02136e-10
2.18163  22.2857  1.70421e-10
2.18163  22.3367  1.41802e-10
2.18163  22.3878  1.16266e-10
2.18163  22.4388  9.37799e-11
2.18163  22.4898  7.42741e-11
2.18163  22.5408  5.764e-11
2.18163  22.5918  4.37261e-11
2.18163  22.6429  3.23389e-11
2.18163  22.6939  2.32463e-11
2.18163  22.7449  1.61855e-11
2.18163  22.7959  1.08729e-11
2.18163  22.8469  7.01606e-12
2.18163  22.898  4.32721e-12
2.18163  22.949  2.53665e-12
2.18163  23  1.40454e-12
2.20816  20.5  2.00736e-09
2.20816  20.551  1.9822e-09
2.20816  20.602  1.95448e-09
2.20816  20.6531  1.92404e-09
2.20816  20.7041  1.89071e-09
2.20816  20.7551  1.85431e-09
2.20816  20.8061  1.8147e-09
2.20816  20.8571  1.77176e-09
2.20816  20.9082  1.72541e-09
2.20816  20.9592  1.6756e-09
2.20816  21.0102  1.62235e-09
2.20816  21.0612  1.56572e-09
2.20816  21.1122  1.50586e-09
2.20816  21.1633  1.44299e-09
2.20816  21.2143  1.37742e-09
2.20816  21.2653  1.30952e-09
2.20816  21.3163  1.23975e-09
2.20816  21.3673  1.16864e-09
2.20816  21.4184  1.09676e-09
2.20816  21.4694  1.02472e-09
2.20816  21.5204  9.53119e-10
2.20816  21.5714  8.82552e-10
2.20816  21.6224  8.13548e-10
2.20816  21.6735  7.46575e-10
2.20816  21.7245  6.82012e-10
2.20816  21.7755  6.20143e-10
2.20816  21.8265  5.61166e-10
2.20816  21.8776  5.05202e-10
2.20816  21.9286  4.52309e-10
2.20816  21.9796  4.02506e-10
2.20816  22.0306  3.55787e-10
2.20816  22.0816  3.1214e-10
2.20816  22.1327  2.71557e-10
2.20816  22.1837  2.34037e-10
2.20816  22.2347  1.99587e-10
2.20816  22.2857  1.68213e-10
2.20816  22.3367  1.39917e-10
2.20816  22.3878  1.14683e-10
2.20816  22.4388  9.24749e-11
2.20816  22.4898  7.32192e-11
2.20816  22.5408  5.68056e-11
2.20816  22.5918  4.30819e-11
2.20816  22.6429  3.18545e-11
2.20816  22.6939  2.28928e-11
2.20816  22.7449  1.59359e-11
2.20816  22.7959  1.07031e-11
2.20816  22.8469  6.90517e-12
2.20816  22.898  4.25806e-12
2.20816  22.949  2.49571e-12
2.20816  23  1.38166e-12
2.23469  20.5  2.00768e-09
2.23469  20.551  1.98231e-09
2.23469  20.602  1.95439e-09
2.23469  20.6531  1.92372e-09
2.23469  20.7041  1.89014e-09
2.23469  20.7551  1.85347e-09
2.23469  20.8061  1.81358e-09
2.23469  20.8571  1.77034e-09
2.23469  20.9082  1.72367e-09
2.23469  20.9592  1.67353e-09
2.23469  21.0102  1.61993e-09
2.23469  21.0612  1.56295e-09
2.23469  21.1122  1.50273e-09
2.23469  21.1633  1.43951e-09
2.23469  21.2143  1.37359e-09
2.23469  21.2653  1.30535e-09
2.23469  21.3163  1.23527e-09
2.23469  21.3673  1.16388e-09
2.23469  21.4184  1.09175e-09
2.23469  21.4694  1.01951e-09
2.23469  21.5204  9.47765e-10
2.23469  21.5714  8.77102e-10
2.23469  21.6224  8.08062e-10
2.23469  21.6735  7.41112e-10
2.23469  21.7245  6.7663e-10
2.23469  21.7755  6.149e-10
2.23469  21.8265  5.56113e-10
2.23469  21.8776  5.00385e-10
2.23469  21.9286  4.47767e-10
2.23469  21.9796  3.98269e-10
2.23469  22.0306  3.51878e-10
2.23469  22.0816  3.08576e-10
2.23469  22.1327  2.68344e-10
2.23469  22.1837  2.31177e-10
2.23469  22.2347  1.97074e-10
2.23469  22.2857  1.66035e-10
2.23469  22.3367  1.38059e-10
2.23469  22.3878  1.13124e-10
2.23469  22.4388  9.11892e-11
2.23469  22.4898  7.218e-11
2.23469  22.5408  5.59838e-11
2.23469  22.5918  4.24474e-11
2.23469  22.6429  3.13776e-11
2.23469  22.6939  2.25448e-11
2.23469  22.7449  1.56902e-11
2.23469  22.7959  1.0536e-11
2.23469  22.8469  6.79606e-12
2.23469  22.898  4.19004e-12
2.23469  22.949  2.45543e-12
2.23469  23  1.35915e-12
2.26122  20.5  2.00821e-09
2.26122  20.551  1.98265e-09
2.26122  20.602  1.95452e-09
2.26122  20.6531  1.92362e-09
2.26122  20.7041  1.88978e-09
2.26122  20.7551  1.85284e-09
2.26122  20.8061  1.81266e-09
2.26122  20.8571  1.76911e-09
2.26122  20.9082  1.72212e-09
2.26122  20.9592  1.67164e-09
2.26122  21.0102  1.61769e-09
2.26122  21.0612  1.56035e-09
2.26122  21.1122  1.49977e-09
2.26122  21.1633  1.43618e-09
2.26122  21.2143  1.36991e-09
2.26122  21.2653  1.30133e-09
2.26122  21.3163  1.23093e-09
2.26122  21.3673  1.15925e-09
2.26122  21.4184  1.08687e-09
2.26122  21.4694  1.01442e-09
2.26122  21.5204  9.42515e-10
2.26122  21.5714  8.71751e-10
2.26122  21.6224  8.02668e-10
2.26122  21.6735  7.35736e-10
2.26122  21.7245  6.71331e-10
2.26122  21.7755  6.09734e-10
2.26122  21.8265  5.51132e-10
2.26122  21.8776  4.95636e-10
2.26122  21.9286  4.43287e-10
2.26122  21.9796  3.9409e-10
2.26122  22.0306  3.48023e-10
2.26122  22.0816  3.0506e-10
2.26122  22.1327  2.65176e-10
2.26122  22.1837  2.28357e-10
2.26122  22.2347  1.94596e-10
2.26122  22.2857  1.63889e-10
2.26122  22.3367  1.36228e-10
2.26122  22.3878  1.11587e-10
2.26122  22.4388  8.99225e-11
2.26122  22.4898  7.11563e-11
2.26122  22.5408  5.51744e-11
2.26122  22.5918  4.18226e-11
2.26122  22.6429  3.09081e-11
2.26122  22.6939  2.22023e-11
2.26122  22.7449  1.54485e-11
2.26122  22.7959  1.03715e-11
2.26122  22.8469  6.68871e-12
2.26122  22.898  4.12312e-12
2.26122  22.949  2.41582e-12
2.26122  23  1.33701e-12
2.28776  20.5  2.00897e-09
2.28776  20.551  1.98321e-09
2.28776  20.602  1.95486e-09
2.28776  20.6531  1.92372e-09
2.28776  20.7041  1.88962e-09
2.28776  20.7551  1.85241e-09
2.28776  20.8061  1.81193e-09
2.28776  20.8571  1.76807e-09
2.28776  20.9082  1.72075e-09
2.28776  20.9592  1.66993e-09
2.28776  21.0102  1.61562e-09
2.28776  21.0612  1.55791e-09
2.28776  21.1122  1.49696e-09
2.28776  21.1633  1.43301e-09
2.28776  21.2143  1.36637e-09
2.28776  21.2653  1.29744e-09
2.28776  21.3163  1.22671e-09
2.28776  21.3673  1.15474e-09
2.28776  21.4184  1.0821e-09
2.28776  21.4694  1.00944e-09
2.28776  21.5204  9.37368e-10
2.28776  21.5714  8.66495e-10
2.28776  21.6224  7.97364e-10
2.28776  21.6735  7.30444e-10
2.28776  21.7245  6.66111e-10
2.28776  21.7755  6.04642e-10
2.28776  21.8265  5.46221e-10
2.28776  21.8776  4.90951e-10
2.28776  21.9286  4.38868e-10
2.28776  21.9796  3.89967e-10
2.28776  22.0306  3.4422e-10
2.28776  22.0816  3.01592e-10
2.28776  22.1327  2.6205e-10
2.28776  22.1837  2.25575e-10
2.28776  22.2347  1.92152e-10
2.28776  22.2857  1.61772e-10
2.28776  22.3367  1.34422e-10
2.28776  22.3878  1.10072e-10
2.28776  22.4388  8.86739e-11
2.28776  22.4898  7.01476e-11
2.28776  22.5408  5.43769e-11
2.28776  22.5918  4.12072e-11
2.28776  22.6429  3.04456e-11
2.28776  22.6939  2.1865e-11
2.28776  22.7449  1.52104e-11
2.28776  22.7959  1.02096e-11
2.28776  22.8469  6.58303e-12
2.28776  22.898  4.05725e-12
2.28776  22.949  2.37683e-12
2.28776  23  1.31523e-12
2.31429  20.5  2.00995e-09
2.31429  20.551  1.98399e-09
2.31429  20.602  1.95541e-09
2.31429  20.6531  1.92403e-09
2.31429  20.7041  1.88968e-09
2.31429  20.7551  1.85219e-09
2.31429  20.8061  1.81141e-09
2.31429  20.8571  1.76723e-09
2.31429  20.9082  1.71957e-09
2.31429  20.9592  1.66839e-09
2.31429  21.0102  1.61373e-09
2.31429  21.0612  1.55564e-09
2.31429  21.1122  1.49432e-09
2.31429  21.1633  1.42998e-09
2.31429  21.2143  1.36298e-09
2.31429  21.2653  1.29369e-09
2.31429  21.3163  1.22263e-09
2.31429  21.3673  1.15035e-09
2.31429  21.4184  1.07745e-09
2.31429  21.4694  1.00456e-09
2.31429  21.5204  9.32325e-10
2.31429  21.5714  8.61339e-10
2.31429  21.6224  7.92153e-10
2.31429  21.6735  7.25239e-10
2.31429  21.7245  6.60972e-10
2.31429  21.7755  5.99627e-10
2.31429  21.8265  5.41382e-10
2.31429  21.8776  4.86334e-10
2.31429  21.9286  4.34512e-10
2.31429  21.9796  3.85903e-10
2.31429  22.0306  3.4047e-10
2.31429  22.0816  2.98172e-10
2.31429  22.1327  2.58968e-10
2.31429  22.1837  2.22832e-10
2.31429  22.2347  1.89744e-10
2.31429  22.2857  1.59687e-10
2.31429  22.3367  1.32643e-10
2.31429  22.3878  1.0858e-10
2.31429  22.4388  8.74443e-11
2.31429  22.4898  6.91542e-11
2.31429  22.5408  5.35917e-11
2.31429  22.5918  4.06013e-11
2.31429  22.6429  2.99905e-11
2.31429  22.6939  2.1533e-11
2.31429  22.7449  1.49762e-11
2.31429  22.7959  1.00503e-11
2.31429  22.8469  6.47909e-12
2.31429  22.898  3.99248e-12
2.31429  22.949  2.33849e-12
2.31429  23  1.29381e-12
2.34082  20.5  2.01116e-09
2.34082  20.551  1.98499e-09
2.34082  20.602  1.95618e-09
2.34082  20.6531  1.92456e-09
2.34082  20.7041  1.88994e-09
2.34082  20.7551  1.85216e-09
2.34082  20.8061  1.81108e-09
2.34082  20.8571  1.76658e-09
2.34082  20.9082  1.71858e-09
2.34082  20.9592  1.66704e-09
2.34082  21.0102  1.612e-09
2.34082  21.0612  1.55354e-09
2.34082  21.1122  1.49183e-09
2.34082  21.1633  1.42712e-09
2.34082  21.2143  1.35973e-09
2.34082  21.2653  1.29008e-09
2.34082  21.3163  1.21868e-09
2.34082  21.3673  1.14609e-09
2.34082  21.4184  1.07291e-09
2.34082  21.4694  9.99799e-10
2.34082  21.5204  9.27384e-10
2.34082  21.5714  8.56278e-10
2.34082  21.6224  7.87032e-10
2.34082  21.6735  7.20118e-10
2.34082  21.7245  6.55913e-10
2.34082  21.7755  5.94686e-10
2.34082  21.8265  5.36612e-10
2.34082  21.8776  4.81781e-10
2.34082  21.9286  4.30215e-10
2.34082  21.9796  3.81894e-10
2.34082  22.0306  3.36772e-10
2.34082  22.0816  2.948e-10
2.34082  22.1327  2.5593e-10
2.34082  22.1837  2.20128e-10
2.34082  22.2347  1.87369e-10
2.34082  22.2857  1.57631e-10
2.34082  22.3367  1.3089e-10
2.34082  22.3878  1.07109e-10
2.34082  22.4388  8.62327e-11
2.34082  22.4898  6.81756e-11
2.34082  22.5408  5.28184e-11
2.34082  22.5918  4.00047e-11
2.34082  22.6429  2.95423e-11
2.34082  22.6939  2.12062e-11
2.34082  22.7449  1.47457e-11
2.34082  22.7959  9.89357e-12
2.34082  22.8469  6.37681e-12
2.34082  22.898  3.92875e-12
2.34082  22.949  2.30078e-12
2.34082  23  1.27275e-12
2.36735  20.5  2.01259e-09
2.36735  20.551  1.98621e-09
2.36735  20.602  1.95717e-09
2.36735  20.6531  1.9253e-09
2.36735  20.7041  1.89041e-09
2.36735  20.7551  1.85234e-09
2.36735  20.8061  1.81095e-09
2.36735  20.8571  1.76612e-09
2.36735  20.9082  1.71777e-09
2.36735  20.9592  1.66587e-09
2.36735  21.0102  1.61046e-09
2.36735  21.0612  1.55161e-09
2.36735  21.1122  1.4895e-09
2.36735  21.1633  1.4244e-09
2.36735  21.2143  1.35663e-09
2.36735  21.2653  1.28661e-09
2.36735  21.3163  1.21486e-09
2.36735  21.3673  1.14195e-09
2.36735  21.4184  1.06849e-09
2.36735  21.4694  9.95143e-10
2.36735  21.5204  9.22545e-10
2.36735  21.5714  8.51311e-10
2.36735  21.6224  7.81999e-10
2.36735  21.6735  7.15081e-10
2.36735  21.7245  6.50931e-10
2.36735  21.7755  5.89818e-10
2.36735  21.8265  5.3191e-10
2.36735  21.8776  4.77292e-10
2.36735  21.9286  4.25978e-10
2.36735  21.9796  3.7794e-10
2.36735  22.0306  3.33124e-10
2.36735  22.0816  2.91474e-10
2.36735  22.1327  2.52933e-10
2.36735  22.1837  2.17462e-10
2.36735  22.2347  1.85028e-10
2.36735  22.2857  1.55604e-10
2.36735  22.3367  1.29162e-10
2.36735  22.3878  1.0566e-10
2.36735  22.4388  8.50389e-11
2.36735  22.4898  6.72116e-11
2.36735  22.5408  5.20567e-11
2.36735  22.5918  3.94172e-11
2.36735  22.6429  2.91011e-11
2.36735  22.6939  2.08845e-11
2.36735  22.7449  1.45188e-11
2.36735  22.7959  9.73931e-12
2.36735  22.8469  6.27618e-12
2.36735  22.898  3.86606e-12
2.36735  22.949  2.26369e-12
2.36735  23  1.25203e-12
2.39388  20.5  2.01424e-09
2.39388  20.551  1.98765e-09
2.39388  20.602  1.95838e-09
2.39388  20.6531  1.92625e-09
2.39388  20.7041  1.89109e-09
2.39388  20.7551  1.85273e-09
2.39388  20.8061  1.81102e-09
2.39388  20.8571  1.76585e-09
2.39388  20.9082  1.71715e-09
2.39388  20.9592  1.66488e-09
2.39388  21.0102  1.60908e-09
2.39388  21.0612  1.54984e-09
2.39388  21.1122  1.48734e-09
2.39388  21.1633  1.42183e-09
2.39388  21.2143  1.35367e-09
2.39388  21.2653  1.28328e-09
2.39388  21.3163  1.21117e-09
2.39388  21.3673  1.13793e-09
2.39388  21.4184  1.06419e-09
2.39388  21.4694  9.90594e-10
2.39388  21.5204  9.17805e-10
2.39388  21.5714  8.46439e-10
2.39388  21.6224  7.77054e-10
2.39388  21.6735  7.10126e-10
2.39388  21.7245  6.46027e-10
2.39388  21.7755  5.85022e-10
2.39388  21.8265  5.27276e-10
2.39388  21.8776  4.72867e-10
2.39388  21.9286  4.218e-10
2.39388  21.9796  3.7404e-10
2.39388  22.0306  3.29527e-10
2.39388  22.0816  2.88193e-10
2.39388  22.1327  2.49977e-10
2.39388  22.1837  2.14833e-10
2.39388  22.2347  1.8272e-10
2.39388  22.2857  1.53606e-10
2.39388  22.3367  1.27458e-10
2.39388  22.3878  1.04231e-10
2.39388  22.4388  8.38627e-11
2.39388  22.4898  6.6262e-11
2.39388  22.5408  5.13065e-11
2.39388  22.5918  3.88387e-11
2.39388  22.6429  2.86667e-11
2.39388  22.6939  2.05679e-11
2.39388  22.7449  1.42954e-11
2.39388  22.7959  9.5875e-12
2.39388  22.8469  6.17716e-12
2.39388  22.898  3.80438e-12
2.39388  22.949  2.2272e-12
2.39388  23  1.23166e-12
2.42041  20.5  2.01612e-09
2.42041  20.551  1.98931e-09
2.42041  20.602  1.9598e-09
2.42041  20.6531  1.92742e-09
2.42041  20.7041  1.89198e-09
2.42041  20.7551  1.85331e-09
2.42041  20.8061  1.81129e-09
2.42041  20.8571  1.76578e-09
2.42041  20.9082  1.71672e-09
2.42041  20.9592  1.66407e-09
2.42041  21.0102  1.60788e-09
2.42041  21.0612  1.54824e-09
2.42041  21.1122  1.48533e-09
2.42041  21.1633  1.41942e-09
2.42041  21.2143  1.35085e-09
2.42041  21.2653  1.28007e-09
2.42041  21.3163  1.2076e-09
2.42041  21.3673  1.13403e-09
2.42041  21.4184  1.05999e-09
2.42041  21.4694  9.8615e-10
2.42041  21.5204  9.13165e-10
2.42041  21.5714  8.41659e-10
2.42041  21.6224  7.72196e-10
2.42041  21.6735  7.05252e-10
2.42041  21.7245  6.41198e-10
2.42041  21.7755  5.80298e-10
2.42041  21.8265  5.22709e-10
2.42041  21.8776  4.68503e-10
2.42041  21.9286  4.17679e-10
2.42041  21.9796  3.70194e-10
2.42041  22.0306  3.25978e-10
2.42041  22.0816  2.84957e-10
2.42041  22.1327  2.47063e-10
2.42041  22.1837  2.1224e-10
2.42041  22.2347  1.80444e-10
2.42041  22.2857  1.51636e-10
2.42041  22.3367  1.25779e-10
2.42041  22.3878  1.02824e-10
2.42041  22.4388  8.27038e-11
2.42041  22.4898  6.53264e-11
2.42041  22.5408  5.05675e-11
2.42041  22.5918  3.82689e-11
2.42041  22.6429  2.82389e-11
2.42041  22.6939  2.02561e-11
2.42041  22.7449  1.40756e-11
2.42041  22.7959  9.43811e-12
2.42041  22.8469  6.07973e-12
2.42041  22.898  3.74369e-12
2.42041  22.949  2.1913e-12
2.42041  23  1.21162e-12
2.44694  20.5  2.01822e-09
2.44694  20.551  1.99119e-09
2.44694  20.602  1.96144e-09
2.44694  20.6531  1.9288e-09
2.44694  20.7041  1.89307e-09
2.44694  20.7551  1.8541e-09
2.44694  20.8061  1.81175e-09
2.44694  20.8571  1.7659e-09
2.44694  20.9082  1.71647e-09
2.44694  20.9592  1.66344e-09
2.44694  21.0102  1.60685e-09
2.44694  21.0612  1.5468e-09
2.44694  21.1122  1.48348e-09
2.44694  21.1633  1.41715e-09
2.44694  21.2143  1.34818e-09
2.44694  21.2653  1.27701e-09
2.44694  21.3163  1.20417e-09
2.44694  21.3673  1.13025e-09
2.44694  21.4184  1.05591e-09
2.44694  21.4694  9.81812e-10
2.44694  21.5204  9.08623e-10
2.44694  21.5714  8.36971e-10
2.44694  21.6224  7.67424e-10
2.44694  21.6735  7.00459e-10
2.44694  21.7245  6.36445e-10
2.44694  21.7755  5.75643e-10
2.44694  21.8265  5.18207e-10
2.44694  21.8776  4.642e-10
2.44694  21.9286  4.13616e-10
2.44694  21.9796  3.664e-10
2.44694  22.0306  3.22478e-10
2.44694  22.0816  2.81766e-10
2.44694  22.1327  2.44188e-10
2.44694  22.1837  2.09683e-10
2.44694  22.2347  1.782e-10
2.44694  22.2857  1.49694e-10
2.44694  22.3367  1.24125e-10
2.44694  22.3878  1.01437e-10
2.44694  22.4388  8.15619e-11
2.44694  22.4898  6.44048e-11
2.44694  22.5408  4.98397e-11
2.44694  22.5918  3.77078e-11
2.44694  22.6429  2.78178e-11
2.44694  22.6939  1.99492e-11
2.44694  22.7449  1.38592e-11
2.44694  22.7959  9.29109e-12
2.44694  22.8469  5.98385e-12
2.44694  22.898  3.68399e-12
2.44694  22.949  2.15599e-12
2.44694  23  1.1919e-12
2.47347  20.5  2.02055e-09
2.47347  20.551  1.99329e-09
2.47347  20.602  1.9633e-09
2.47347  20.6531  1.93039e-09
2.47347  20.7041  1.89438e-09
2.47347  20.7551  1.8551e-09
2.47347  20.8061  1.81241e-09
2.47347  20.8571  1.76621e-09
2.47347  20.9082  1.71641e-09
2.47347  20.9592  1.66299e-09
2.47347  21.0102  1.606e-09
2.47347  21.0612  1.54553e-09
2.47347  21.1122  1.48178e-09
2.47347  21.1633  1.41504e-09
2.47347  21.2143  1.34565e-09
2.47347  21.2653  1.27408e-09
2.47347  21.3163  1.20086e-09
2.47347  21.3673  1.12659e-09
2.47347  21.4184  1.05194e-09
2.47347  21.4694  9.77578e-10
2.47347  21.5204  9.04178e-10
2.47347  21.5714  8.32375e-10
2.47347  21.6224  7.62737e-10
2.47347  21.6735  6.95745e-10
2.47347  21.7245  6.31766e-10
2.47347  21.7755  5.71058e-10
2.47347  21.8265  5.1377e-10
2.47347  21.8776  4.59958e-10
2.47347  21.9286  4.09608e-10
2.47347  21.9796  3.62659e-10
2.47347  22.0306  3.19026e-10
2.47347  22.0816  2.78618e-10
2.47347  22.1327  2.41353e-10
2.47347  22.1837  2.07162e-10
2.47347  22.2347  1.75987e-10
2.47347  22.2857  1.4778e-10
2.47347  22.3367  1.22493e-10
2.47347  22.3878  1.0007e-10
2.47347  22.4388  8.04368e-11
2.47347  22.4898  6.34969e-11
2.47347  22.5408  4.91229e-11
2.47347  22.5918  3.71553e-11
2.47347  22.6429  2.74031e-11
2.47347  22.6939  1.96471e-11
2.47347  22.7449  1.36463e-11
2.47347  22.7959  9.1464e-12
2.47347  22.8469  5.88952e-12
2.47347  22.898  3.62526e-12
2.47347  22.949  2.12126e-12
2.47347  23  1.17252e-12
2.5  20.5  2.0231e-09
2.5  20.551  1.99562e-09
2.5  20.602  1.96538e-09
2.5  20.6531  1.93219e-09
2.5  20.7041  1.89589e-09
2.5  20.7551  1.8563e-09
2.5  20.8061  1.81327e-09
2.5  20.8571  1.76671e-09
2.5  20.9082  1.71653e-09
2.5  20.9592  1.66272e-09
2.5  21.0102  1.60531e-09
2.5  21.0612  1.54442e-09
2.5  21.1122  1.48025e-09
2.5  21.1633  1.41307e-09
2.5  21.2143  1.34326e-09
2.5  21.2653  1.27128e-09
2.5  21.3163  1.19767e-09
2.5  21.3673  1.12305e-09
2.5  21.4184  1.04808e-09
2.5  21.4694  9.73448e-10
2.5  21.5204  8.9983e-10
2.5  21.5714  8.27868e-10
2.5  21.6224  7.58135e-10
2.5  21.6735  6.91109e-10
2.5  21.7245  6.27161e-10
2.5  21.7755  5.66542e-10
2.5  21.8265  5.09396e-10
2.5  21.8776  4.55776e-10
2.5  21.9286  4.05656e-10
2.5  21.9796  3.58969e-10
2.5  22.0306  3.1562e-10
2.5  22.0816  2.75514e-10
2.5  22.1327  2.38557e-10
2.5  22.1837  2.04675e-10
2.5  22.2347  1.73805e-10
2.5  22.2857  1.45893e-10
2.5  22.3367  1.20886e-10
2.5  22.3878  9.87225e-11
2.5  22.4388  7.93282e-11
2.5  22.4898  6.26025e-11
2.5  22.5408  4.84168e-11
2.5  22.5918  3.66111e-11
2.5  22.6429  2.69948e-11
2.5  22.6939  1.93497e-11
2.5  22.7449  1.34366e-11
2.5  22.7959  9.004e-12
2.5  22.8469  5.79669e-12
2.5  22.898  3.56747e-12
2.5  22.949  2.08709e-12
2.5  23  1.15345e-12
