# Gamma NH Fx
1.2  20.5  9.12895e-09
1.2  20.551  9.12641e-09
1.2  20.602  9.12354e-09
1.2  20.6531  9.12033e-09
1.2  20.7041  9.11671e-09
1.2  20.7551  9.11265e-09
1.2  20.8061  9.10809e-09
1.2  20.8571  9.10296e-09
1.2  20.9082  9.09721e-09
1.2  20.9592  9.09075e-09
1.2  21.0102  9.0835e-09
1.2  21.0612  9.07536e-09
1.2  21.1122  9.06624e-09
1.2  21.1633  9.056e-09
1.2  21.2143  9.04453e-09
1.2  21.2653  9.03166e-09
1.2  21.3163  9.01726e-09
1.2  21.3673  9.00113e-09
1.2  21.4184  8.98307e-09
1.2  21.4694  8.96288e-09
1.2  21.5204  8.94032e-09
1.2  21.5714  8.91512e-09
1.2  21.6224  8.887e-09
1.2  21.6735  8.85566e-09
1.2  21.7245  8.82075e-09
1.2  21.7755  8.78192e-09
1.2  21.8265  8.73879e-09
1.2  21.8776  8.69095e-09
1.2  21.9286  8.63796e-09
1.2  21.9796  8.57938e-09
1.2  22.0306  8.51475e-09
1.2  22.0816  8.44359e-09
1.2  22.1327  8.36541e-09
1.2  22.1837  8.27976e-09
1.2  22.2347  8.18619e-09
1.2  22.2857  8.08425e-09
1.2  22.3367  7.97358e-09
1.2  22.3878  7.85383e-09
1.2  22.4388  7.72473e-09
1.2  22.4898  7.5861e-09
1.2  22.5408  7.43784e-09
1.2  22.5918  7.27993e-09
1.2  22.6429  7.11246e-09
1.2  22.6939  6.93562e-09
1.2  22.7449  6.74965e-09
1.2  22.7959  6.5549e-09
1.2  22.8469  6.35173e-09
1.2  22.898  6.14054e-09
1.2  22.949  5.92175e-09
1.2  23  5.69575e-09
1.22653  20.5  8.73462e-09
1.22653  20.551  8.73215e-09
1.22653  20.602  8.72937e-09
1.22653  20.6531  8.72626e-09
1.22653  20.7041  8.72275e-09
1.22653  20.7551  8.71882e-09
1.22653  20.8061  8.71439e-09
1.22653  20.8571  8.70943e-09
1.22653  20.9082  8.70385e-09
1.22653  20.9592  8.69759e-09
1.22653  21.0102  8.69057e-09
1.22653  21.0612  8.68268e-09
1.22653  21.1122  8.67384e-09
1.22653  21.1633  8.66392e-09
1.22653  21.2143  8.6528e-09
1.22653  21.2653  8.64033e-09
1.22653  21.3163  8.62637e-09
1.22653  21.3673  8.61074e-09
1.22653  21.4184  8.59325e-09
1.22653  21.4694  8.57369e-09
1.22653  21.5204  8.55183e-09
1.22653  21.5714  8.52742e-09
1.22653  21.6224  8.50018e-09
1.22653  21.6735  8.46981e-09
1.22653  21.7245  8.436e-09
1.22653  21.7755  8.3984e-09
1.22653  21.8265  8.35663e-09
1.22653  21.8776  8.3103e-09
1.22653  21.9286  8.25899e-09
1.22653  21.9796  8.20228e-09
1.22653  22.0306  8.13972e-09
1.22653  22.0816  8.07084e-09
1.22653  22.1327  7.9952e-09
1.22653  22.1837  7.91234e-09
1.22653  22.2347  7.82183e-09
1.22653  22.2857  7.72326e-09
1.22653  22.3367  7.61627e-09
1.22653  22.3878  7.50054e-09
1.22653  22.4388  7.37582e-09
1.22653  22.4898  7.24195e-09
1.22653  22.5408  7.09883e-09
1.22653  22.5918  6.94648e-09
1.22653  22.6429  6.78499e-09
1.22653  22.6939  6.61455e-09
1.22653  22.7449  6.43543e-09
1.22653  22.7959  6.24797e-09
1.22653  22.8469  6.05255e-09
1.22653  22.898  5.84957e-09
1.22653  22.949  5.63944e-09
1.22653  23  5.42256e-09
1.25306  20.5  8.35849e-09
1.25306  20.551  8.3561e-09
1.25306  20.602  8.35341e-09
1.25306  20.6531  8.35039e-09
1.25306  20.7041  8.34699e-09
1.25306  20.7551  8.34317e-09
1.25306  20.8061  8.33889e-09
1.25306  20.8571  8.33408e-09
1.25306  20.9082  8.32867e-09
1.25306  20.9592  8.3226e-09
1.25306  21.0102  8.31579e-09
1.25306  21.0612  8.30815e-09
1.25306  21.1122  8.29958e-09
1.25306  21.1633  8.28997e-09
1.25306  21.2143  8.27919e-09
1.25306  21.2653  8.26711e-09
1.25306  21.3163  8.25358e-09
1.25306  21.3673  8.23843e-09
1.25306  21.4184  8.22148e-09
1.25306  21.4694  8.20253e-09
1.25306  21.5204  8.18135e-09
1.25306  21.5714  8.15769e-09
1.25306  21.6224  8.1313e-09
1.25306  21.6735  8.10188e-09
1.25306  21.7245  8.06913e-09
1.25306  21.7755  8.0327e-09
1.25306  21.8265  7.99225e-09
1.25306  21.8776  7.94738e-09
1.25306  21.9286  7.8977e-09
1.25306  21.9796  7.84279e-09
1.25306  22.0306  7.78222e-09
1.25306  22.0816  7.71555e-09
1.25306  22.1327  7.64234e-09
1.25306  22.1837  7.56217e-09
1.25306  22.2347  7.47461e-09
1.25306  22.2857  7.37929e-09
1.25306  22.3367  7.27584e-09
1.25306  22.3878  7.16398e-09
1.25306  22.4388  7.04348e-09
1.25306  22.4898  6.91418e-09
1.25306  22.5408  6.77601e-09
1.25306  22.5918  6.629e-09
1.25306  22.6429  6.47325e-09
1.25306  22.6939  6.30897e-09
1.25306  22.7449  6.13642e-09
1.25306  22.7959  5.95596e-09
1.25306  22.8469  5.76797e-09
1.25306  22.898  5.57285e-09
1.25306  22.949  5.37102e-09
1.25306  23  5.16287e-09
1.27959  20.5  7.99969e-09
1.27959  20.551  7.99737e-09
1.27959  20.602  7.99476e-09
1.27959  20.6531  7.99183e-09
1.27959  20.7041  7.98854e-09
1.27959  20.7551  7.98484e-09
1.27959  20.8061  7.98069e-09
1.27959  20.8571  7.97602e-09
1.27959  20.9082  7.97078e-09
1.27959  20.9592  7.9649e-09
1.27959  21.0102  7.9583e-09
1.27959  21.0612  7.95089e-09
1.27959  21.1122  7.94258e-09
1.27959  21.1633  7.93326e-09
1.27959  21.2143  7.92282e-09
1.27959  21.2653  7.91111e-09
1.27959  21.3163  7.898e-09
1.27959  21.3673  7.88332e-09
1.27959  21.4184  7.86689e-09
1.27959  21.4694  7.84852e-09
1.27959  21.5204  7.82799e-09
1.27959  21.5714  7.80507e-09
1.27959  21.6224  7.7795e-09
1.27959  21.6735  7.751e-09
1.27959  21.7245  7.71926e-09
1.27959  21.7755  7.68397e-09
1.27959  21.8265  7.64478e-09
1.27959  21.8776  7.60132e-09
1.27959  21.9286  7.55321e-09
1.27959  21.9796  7.50004e-09
1.27959  22.0306  7.44139e-09
1.27959  22.0816  7.37685e-09
1.27959  22.1327  7.306e-09
1.27959  22.1837  7.22841e-09
1.27959  22.2347  7.1437e-09
1.27959  22.2857  7.0515e-09
1.27959  22.3367  6.95147e-09
1.27959  22.3878  6.84334e-09
1.27959  22.4388  6.72689e-09
1.27959  22.4898  6.602e-09
1.27959  22.5408  6.46859e-09
1.27959  22.5918  6.32671e-09
1.27959  22.6429  6.17648e-09
1.27959  22.6939  6.0181e-09
1.27959  22.7449  5.85187e-09
1.27959  22.7959  5.67812e-09
1.27959  22.8469  5.49725e-09
1.27959  22.898  5.30967e-09
1.27959  22.949  5.11578e-09
1.27959  23  4.91598e-09
1.30612  20.5  7.65738e-09
1.30612  20.551  7.65513e-09
1.30612  20.602  7.6526e-09
1.30612  20.6531  7.64976e-09
1.30612  20.7041  7.64657e-09
1.30612  20.7551  7.64298e-09
1.30612  20.8061  7.63895e-09
1.30612  20.8571  7.63443e-09
1.30612  20.9082  7.62935e-09
1.30612  20.9592  7.62365e-09
1.30612  21.0102  7.61725e-09
1.30612  21.0612  7.61007e-09
1.30612  21.1122  7.60201e-09
1.30612  21.1633  7.59298e-09
1.30612  21.2143  7.58285e-09
1.30612  21.2653  7.5715e-09
1.30612  21.3163  7.55879e-09
1.30612  21.3673  7.54456e-09
1.30612  21.4184  7.52864e-09
1.30612  21.4694  7.51084e-09
1.30612  21.5204  7.49094e-09
1.30612  21.5714  7.46873e-09
1.30612  21.6224  7.44394e-09
1.30612  21.6735  7.41632e-09
1.30612  21.7245  7.38557e-09
1.30612  21.7755  7.35138e-09
1.30612  21.8265  7.31341e-09
1.30612  21.8776  7.27131e-09
1.30612  21.9286  7.22471e-09
1.30612  21.9796  7.17321e-09
1.30612  22.0306  7.11642e-09
1.30612  22.0816  7.05394e-09
1.30612  22.1327  6.98535e-09
1.30612  22.1837  6.91026e-09
1.30612  22.2347  6.82829e-09
1.30612  22.2857  6.7391e-09
1.30612  22.3367  6.64236e-09
1.30612  22.3878  6.53782e-09
1.30612  22.4388  6.42528e-09
1.30612  22.4898  6.30462e-09
1.30612  22.5408  6.17579e-09
1.30612  22.5918  6.03885e-09
1.30612  22.6429  5.89392e-09
1.30612  22.6939  5.74122e-09
1.30612  22.7449  5.58105e-09
1.30612  22.7959  5.41374e-09
1.30612  22.8469  5.2397e-09
1.30612  22.898  5.05934e-09
1.30612  22.949  4.87306e-09
1.30612  23  4.68126e-09
1.33265  20.5  7.33076e-09
1.33265  20.551  7.32858e-09
1.33265  20.602  7.32613e-09
1.33265  20.6531  7.32337e-09
1.33265  20.7041  7.32028e-09
1.33265  20.7551  7.3168e-09
1.33265  20.8061  7.31289e-09
1.33265  20.8571  7.30851e-09
1.33265  20.9082  7.30358e-09
1.33265  20.9592  7.29805e-09
1.33265  21.0102  7.29185e-09
1.33265  21.0612  7.28489e-09
1.33265  21.1122  7.27708e-09
1.33265  21.1633  7.26832e-09
1.33265  21.2143  7.2585e-09
1.33265  21.2653  7.2475e-09
1.33265  21.3163  7.23518e-09
1.33265  21.3673  7.22138e-09
1.33265  21.4184  7.20594e-09
1.33265  21.4694  7.18869e-09
1.33265  21.5204  7.1694e-09
1.33265  21.5714  7.14787e-09
1.33265  21.6224  7.12385e-09
1.33265  21.6735  7.09708e-09
1.33265  21.7245  7.06728e-09
1.33265  21.7755  7.03415e-09
1.33265  21.8265  6.99736e-09
1.33265  21.8776  6.95657e-09
1.33265  21.9286  6.91143e-09
1.33265  21.9796  6.86155e-09
1.33265  22.0306  6.80655e-09
1.33265  22.0816  6.74604e-09
1.33265  22.1327  6.67964e-09
1.33265  22.1837  6.60696e-09
1.33265  22.2347  6.52763e-09
1.33265  22.2857  6.44134e-09
1.33265  22.3367  6.34777e-09
1.33265  22.3878  6.24669e-09
1.33265  22.4388  6.13791e-09
1.33265  22.4898  6.02133e-09
1.33265  22.5408  5.89691e-09
1.33265  22.5918  5.76471e-09
1.33265  22.6429  5.62488e-09
1.33265  22.6939  5.47764e-09
1.33265  22.7449  5.32327e-09
1.33265  22.7959  5.16216e-09
1.33265  22.8469  4.99467e-09
1.33265  22.898  4.82122e-09
1.33265  22.949  4.64223e-09
1.33265  23  4.45809e-09
1.35918  20.5  7.01908e-09
1.35918  20.551  7.01696e-09
1.35918  20.602  7.01458e-09
1.35918  20.6531  7.01191e-09
1.35918  20.7041  7.00891e-09
1.35918  20.7551  7.00554e-09
1.35918  20.8061  7.00175e-09
1.35918  20.8571  6.9975e-09
1.35918  20.9082  6.99272e-09
1.35918  20.9592  6.98736e-09
1.35918  21.0102  6.98135e-09
1.35918  21.0612  6.97459e-09
1.35918  21.1122  6.96702e-09
1.35918  21.1633  6.95853e-09
1.35918  21.2143  6.94901e-09
1.35918  21.2653  6.93834e-09
1.35918  21.3163  6.92639e-09
1.35918  21.3673  6.91302e-09
1.35918  21.4184  6.89805e-09
1.35918  21.4694  6.88132e-09
1.35918  21.5204  6.86262e-09
1.35918  21.5714  6.84175e-09
1.35918  21.6224  6.81847e-09
1.35918  21.6735  6.79252e-09
1.35918  21.7245  6.76364e-09
1.35918  21.7755  6.73153e-09
1.35918  21.8265  6.69588e-09
1.35918  21.8776  6.65636e-09
1.35918  21.9286  6.61262e-09
1.35918  21.9796  6.5643e-09
1.35918  22.0306  6.51103e-09
1.35918  22.0816  6.45244e-09
1.35918  22.1327  6.38814e-09
1.35918  22.1837  6.31778e-09
1.35918  22.2347  6.241e-09
1.35918  22.2857  6.1575e-09
1.35918  22.3367  6.06699e-09
1.35918  22.3878  5.96924e-09
1.35918  22.4388  5.86409e-09
1.35918  22.4898  5.75143e-09
1.35918  22.5408  5.63125e-09
1.35918  22.5918  5.50361e-09
1.35918  22.6429  5.36868e-09
1.35918  22.6939  5.22668e-09
1.35918  22.7449  5.0779e-09
1.35918  22.7959  4.92272e-09
1.35918  22.8469  4.76152e-09
1.35918  22.898  4.59471e-09
1.35918  22.949  4.4227e-09
1.35918  23  4.24589e-09
1.38571  20.5  6.72161e-09
1.38571  20.551  6.71956e-09
1.38571  20.602  6.71725e-09
1.38571  20.6531  6.71466e-09
1.38571  20.7041  6.71175e-09
1.38571  20.7551  6.70848e-09
1.38571  20.8061  6.70481e-09
1.38571  20.8571  6.70068e-09
1.38571  20.9082  6.69605e-09
1.38571  20.9592  6.69085e-09
1.38571  21.0102  6.68502e-09
1.38571  21.0612  6.67847e-09
1.38571  21.1122  6.67113e-09
1.38571  21.1633  6.66289e-09
1.38571  21.2143  6.65366e-09
1.38571  21.2653  6.64332e-09
1.38571  21.3163  6.63173e-09
1.38571  21.3673  6.61876e-09
1.38571  21.4184  6.60425e-09
1.38571  21.4694  6.58803e-09
1.38571  21.5204  6.5699e-09
1.38571  21.5714  6.54966e-09
1.38571  21.6224  6.52709e-09
1.38571  21.6735  6.50194e-09
1.38571  21.7245  6.47395e-09
1.38571  21.7755  6.44283e-09
1.38571  21.8265  6.40827e-09
1.38571  21.8776  6.36998e-09
1.38571  21.9286  6.32759e-09
1.38571  21.9796  6.28078e-09
1.38571  22.0306  6.22918e-09
1.38571  22.0816  6.17242e-09
1.38571  22.1327  6.11016e-09
1.38571  22.1837  6.04204e-09
1.38571  22.2347  5.96772e-09
1.38571  22.2857  5.88691e-09
1.38571  22.3367  5.79935e-09
1.38571  22.3878  5.70481e-09
1.38571  22.4388  5.60314e-09
1.38571  22.4898  5.49426e-09
1.38571  22.5408  5.37816e-09
1.38571  22.5918  5.25492e-09
1.38571  22.6429  5.1247e-09
1.38571  22.6939  4.98773e-09
1.38571  22.7449  4.84432e-09
1.38571  22.7959  4.69483e-09
1.38571  22.8469  4.53966e-09
1.38571  22.898  4.37921e-09
1.38571  22.949  4.21389e-09
1.38571  23  4.0441e-09
1.41224  20.5  6.43768e-09
1.41224  20.551  6.43569e-09
1.41224  20.602  6.43346e-09
1.41224  20.6531  6.43094e-09
1.41224  20.7041  6.42812e-09
1.41224  20.7551  6.42495e-09
1.41224  20.8061  6.42139e-09
1.41224  20.8571  6.41739e-09
1.41224  20.9082  6.41289e-09
1.41224  20.9592  6.40785e-09
1.41224  21.0102  6.40219e-09
1.41224  21.0612  6.39584e-09
1.41224  21.1122  6.38872e-09
1.41224  21.1633  6.38073e-09
1.41224  21.2143  6.37178e-09
1.41224  21.2653  6.36174e-09
1.41224  21.3163  6.35051e-09
1.41224  21.3673  6.33793e-09
1.41224  21.4184  6.32386e-09
1.41224  21.4694  6.30813e-09
1.41224  21.5204  6.29055e-09
1.41224  21.5714  6.27093e-09
1.41224  21.6224  6.24905e-09
1.41224  21.6735  6.22466e-09
1.41224  21.7245  6.19752e-09
1.41224  21.7755  6.16736e-09
1.41224  21.8265  6.13387e-09
1.41224  21.8776  6.09675e-09
1.41224  21.9286  6.05568e-09
1.41224  21.9796  6.01032e-09
1.41224  22.0306  5.96032e-09
1.41224  22.0816  5.90535e-09
1.41224  22.1327  5.84504e-09
1.41224  22.1837  5.77908e-09
1.41224  22.2347  5.70714e-09
1.41224  22.2857  5.62892e-09
1.41224  22.3367  5.5442e-09
1.41224  22.3878  5.45275e-09
1.41224  22.4388  5.35444e-09
1.41224  22.4898  5.2492e-09
1.41224  22.5408  5.13703e-09
1.41224  22.5918  5.01801e-09
1.41224  22.6429  4.89232e-09
1.41224  22.6939  4.76019e-09
1.41224  22.7449  4.62194e-09
1.41224  22.7959  4.47792e-09
1.41224  22.8469  4.32853e-09
1.41224  22.898  4.17418e-09
1.41224  22.949  4.01527e-09
1.41224  23  3.8522e-09
1.43878  20.5  6.16655e-09
1.43878  20.551  6.16461e-09
1.43878  20.602  6.16244e-09
1.43878  20.6531  6.16001e-09
1.43878  20.7041  6.15727e-09
1.43878  20.7551  6.15419e-09
1.43878  20.8061  6.15073e-09
1.43878  20.8571  6.14685e-09
1.43878  20.9082  6.1425e-09
1.43878  20.9592  6.1376e-09
1.43878  21.0102  6.13211e-09
1.43878  21.0612  6.12595e-09
1.43878  21.1122  6.11904e-09
1.43878  21.1633  6.1113e-09
1.43878  21.2143  6.10261e-09
1.43878  21.2653  6.09288e-09
1.43878  21.3163  6.08198e-09
1.43878  21.3673  6.06979e-09
1.43878  21.4184  6.05614e-09
1.43878  21.4694  6.04088e-09
1.43878  21.5204  6.02384e-09
1.43878  21.5714  6.00481e-09
1.43878  21.6224  5.98359e-09
1.43878  21.6735  5.95995e-09
1.43878  21.7245  5.93364e-09
1.43878  21.7755  5.90439e-09
1.43878  21.8265  5.87193e-09
1.43878  21.8776  5.83595e-09
1.43878  21.9286  5.79614e-09
1.43878  21.9796  5.75218e-09
1.43878  22.0306  5.70374e-09
1.43878  22.0816  5.65049e-09
1.43878  22.1327  5.59208e-09
1.43878  22.1837  5.52819e-09
1.43878  22.2347  5.45854e-09
1.43878  22.2857  5.38283e-09
1.43878  22.3367  5.30084e-09
1.43878  22.3878  5.21238e-09
1.43878  22.4388  5.1173e-09
1.43878  22.4898  5.01557e-09
1.43878  22.5408  4.90718e-09
1.43878  22.5918  4.79223e-09
1.43878  22.6429  4.6709e-09
1.43878  22.6939  4.54343e-09
1.43878  22.7449  4.41013e-09
1.43878  22.7959  4.27136e-09
1.43878  22.8469  4.12753e-09
1.43878  22.898  3.97903e-09
1.43878  22.949  3.82627e-09
1.43878  23  3.66962e-09
1.46531  20.5  5.90778e-09
1.46531  20.551  5.90591e-09
1.46531  20.602  5.9038e-09
1.46531  20.6531  5.90144e-09
1.46531  20.7041  5.89878e-09
1.46531  20.7551  5.89579e-09
1.46531  20.8061  5.89244e-09
1.46531  20.8571  5.88868e-09
1.46531  20.9082  5.88445e-09
1.46531  20.9592  5.8797e-09
1.46531  21.0102  5.87438e-09
1.46531  21.0612  5.8684e-09
1.46531  21.1122  5.8617e-09
1.46531  21.1633  5.85418e-09
1.46531  21.2143  5.84576e-09
1.46531  21.2653  5.83632e-09
1.46531  21.3163  5.82575e-09
1.46531  21.3673  5.81392e-09
1.46531  21.4184  5.80068e-09
1.46531  21.4694  5.78588e-09
1.46531  21.5204  5.76935e-09
1.46531  21.5714  5.7509e-09
1.46531  21.6224  5.73032e-09
1.46531  21.6735  5.70739e-09
1.46531  21.7245  5.68188e-09
1.46531  21.7755  5.65352e-09
1.46531  21.8265  5.62205e-09
1.46531  21.8776  5.58717e-09
1.46531  21.9286  5.54859e-09
1.46531  21.9796  5.50598e-09
1.46531  22.0306  5.45904e-09
1.46531  22.0816  5.40744e-09
1.46531  22.1327  5.35086e-09
1.46531  22.1837  5.28898e-09
1.46531  22.2347  5.22153e-09
1.46531  22.2857  5.14824e-09
1.46531  22.3367  5.06889e-09
1.46531  22.3878  4.9833e-09
1.46531  22.4388  4.89134e-09
1.46531  22.4898  4.79298e-09
1.46531  22.5408  4.68823e-09
1.46531  22.5918  4.5772e-09
1.46531  22.6429  4.46006e-09
1.46531  22.6939  4.33706e-09
1.46531  22.7449  4.20852e-09
1.46531  22.7959  4.0748e-09
1.46531  22.8469  3.93629e-09
1.46531  22.898  3.7934e-09
1.46531  22.949  3.64652e-09
1.46531  23  3.49605e-09
1.49184  20.5  5.6607e-09
1.49184  20.551  5.65889e-09
1.49184  20.602  5.65684e-09
1.49184  20.6531  5.65455e-09
1.49184  20.7041  5.65197e-09
1.49184  20.7551  5.64907e-09
1.49184  20.8061  5.64582e-09
1.49184  20.8571  5.64217e-09
1.49184  20.9082  5.63806e-09
1.49184  20.9592  5.63346e-09
1.49184  21.0102  5.62829e-09
1.49184  21.0612  5.62249e-09
1.49184  21.1122  5.61599e-09
1.49184  21.1633  5.6087e-09
1.49184  21.2143  5.60053e-09
1.49184  21.2653  5.59137e-09
1.49184  21.3163  5.58111e-09
1.49184  21.3673  5.56964e-09
1.49184  21.4184  5.55679e-09
1.49184  21.4694  5.54244e-09
1.49184  21.5204  5.52641e-09
1.49184  21.5714  5.50851e-09
1.49184  21.6224  5.48855e-09
1.49184  21.6735  5.46631e-09
1.49184  21.7245  5.44157e-09
1.49184  21.7755  5.41407e-09
1.49184  21.8265  5.38356e-09
1.49184  21.8776  5.34974e-09
1.49184  21.9286  5.31234e-09
1.49184  21.9796  5.27104e-09
1.49184  22.0306  5.22555e-09
1.49184  22.0816  5.17555e-09
1.49184  22.1327  5.12072e-09
1.49184  22.1837  5.06079e-09
1.49184  22.2347  4.99547e-09
1.49184  22.2857  4.92451e-09
1.49184  22.3367  4.8477e-09
1.49184  22.3878  4.76487e-09
1.49184  22.4388  4.67593e-09
1.49184  22.4898  4.58082e-09
1.49184  22.5408  4.47957e-09
1.49184  22.5918  4.3723e-09
1.49184  22.6429  4.2592e-09
1.49184  22.6939  4.1405e-09
1.49184  22.7449  4.01653e-09
1.49184  22.7959  3.88765e-09
1.49184  22.8469  3.75425e-09
1.49184  22.898  3.61674e-09
1.49184  22.949  3.47552e-09
1.49184  23  3.33094e-09
1.51837  20.5  5.42475e-09
1.51837  20.551  5.42299e-09
1.51837  20.602  5.42101e-09
1.51837  20.6531  5.41878e-09
1.51837  20.7041  5.41628e-09
1.51837  20.7551  5.41347e-09
1.51837  20.8061  5.41031e-09
1.51837  20.8571  5.40677e-09
1.51837  20.9082  5.40279e-09
1.51837  20.9592  5.39832e-09
1.51837  21.0102  5.3933e-09
1.51837  21.0612  5.38768e-09
1.51837  21.1122  5.38137e-09
1.51837  21.1633  5.37429e-09
1.51837  21.2143  5.36636e-09
1.51837  21.2653  5.35748e-09
1.51837  21.3163  5.34753e-09
1.51837  21.3673  5.33639e-09
1.51837  21.4184  5.32393e-09
1.51837  21.4694  5.31001e-09
1.51837  21.5204  5.29445e-09
1.51837  21.5714  5.27709e-09
1.51837  21.6224  5.25773e-09
1.51837  21.6735  5.23616e-09
1.51837  21.7245  5.21216e-09
1.51837  21.7755  5.1855e-09
1.51837  21.8265  5.1559e-09
1.51837  21.8776  5.12312e-09
1.51837  21.9286  5.08685e-09
1.51837  21.9796  5.04682e-09
1.51837  22.0306  5.00273e-09
1.51837  22.0816  4.95427e-09
1.51837  22.1327  4.90115e-09
1.51837  22.1837  4.84309e-09
1.51837  22.2347  4.77982e-09
1.51837  22.2857  4.7111e-09
1.51837  22.3367  4.63675e-09
1.51837  22.3878  4.55659e-09
1.51837  22.4388  4.47054e-09
1.51837  22.4898  4.37856e-09
1.51837  22.5408  4.28069e-09
1.51837  22.5918  4.17705e-09
1.51837  22.6429  4.06782e-09
1.51837  22.6939  3.95326e-09
1.51837  22.7449  3.83369e-09
1.51837  22.7959  3.70946e-09
1.51837  22.8469  3.58097e-09
1.51837  22.898  3.44862e-09
1.51837  22.949  3.31281e-09
1.51837  23  3.17389e-09
1.5449  20.5  5.1994e-09
1.5449  20.551  5.19769e-09
1.5449  20.602  5.19577e-09
1.5449  20.6531  5.19361e-09
1.5449  20.7041  5.19118e-09
1.5449  20.7551  5.18845e-09
1.5449  20.8061  5.18539e-09
1.5449  20.8571  5.18195e-09
1.5449  20.9082  5.17808e-09
1.5449  20.9592  5.17375e-09
1.5449  21.0102  5.16888e-09
1.5449  21.0612  5.16342e-09
1.5449  21.1122  5.1573e-09
1.5449  21.1633  5.15043e-09
1.5449  21.2143  5.14274e-09
1.5449  21.2653  5.13412e-09
1.5449  21.3163  5.12446e-09
1.5449  21.3673  5.11366e-09
1.5449  21.4184  5.10157e-09
1.5449  21.4694  5.08806e-09
1.5449  21.5204  5.07296e-09
1.5449  21.5714  5.05612e-09
1.5449  21.6224  5.03734e-09
1.5449  21.6735  5.01642e-09
1.5449  21.7245  4.99314e-09
1.5449  21.7755  4.96728e-09
1.5449  21.8265  4.93858e-09
1.5449  21.8776  4.90678e-09
1.5449  21.9286  4.87162e-09
1.5449  21.9796  4.83281e-09
1.5449  22.0306  4.79006e-09
1.5449  22.0816  4.74309e-09
1.5449  22.1327  4.69162e-09
1.5449  22.1837  4.63536e-09
1.5449  22.2347  4.57407e-09
1.5449  22.2857  4.50753e-09
1.5449  22.3367  4.43554e-09
1.5449  22.3878  4.35796e-09
1.5449  22.4388  4.2747e-09
1.5449  22.4898  4.18574e-09
1.5449  22.5408  4.09112e-09
1.5449  22.5918  3.99097e-09
1.5449  22.6429  3.88547e-09
1.5449  22.6939  3.77489e-09
1.5449  22.7449  3.65954e-09
1.5449  22.7959  3.53978e-09
1.5449  22.8469  3.41601e-09
1.5449  22.898  3.28861e-09
1.5449  22.949  3.15798e-09
1.5449  23  3.02448e-09
1.57143  20.5  4.98415e-09
1.57143  20.551  4.98249e-09
1.57143  20.602  4.98062e-09
1.57143  20.6531  4.97853e-09
1.57143  20.7041  4.97617e-09
1.57143  20.7551  4.97352e-09
1.57143  20.8061  4.97055e-09
1.57143  20.8571  4.96721e-09
1.57143  20.9082  4.96346e-09
1.57143  20.9592  4.95925e-09
1.57143  21.0102  4.95453e-09
1.57143  21.0612  4.94923e-09
1.57143  21.1122  4.94329e-09
1.57143  21.1633  4.93662e-09
1.57143  21.2143  4.92915e-09
1.57143  21.2653  4.92079e-09
1.57143  21.3163  4.91142e-09
1.57143  21.3673  4.90093e-09
1.57143  21.4184  4.8892e-09
1.57143  21.4694  4.87609e-09
1.57143  21.5204  4.86145e-09
1.57143  21.5714  4.8451e-09
1.57143  21.6224  4.82688e-09
1.57143  21.6735  4.80659e-09
1.57143  21.7245  4.78401e-09
1.57143  21.7755  4.75892e-09
1.57143  21.8265  4.73108e-09
1.57143  21.8776  4.70024e-09
1.57143  21.9286  4.66614e-09
1.57143  21.9796  4.62851e-09
1.57143  22.0306  4.58707e-09
1.57143  22.0816  4.54154e-09
1.57143  22.1327  4.49165e-09
1.57143  22.1837  4.43714e-09
1.57143  22.2347  4.37776e-09
1.57143  22.2857  4.31331e-09
1.57143  22.3367  4.2436e-09
1.57143  22.3878  4.1685e-09
1.57143  22.4388  4.08794e-09
1.57143  22.4898  4.00189e-09
1.57143  22.5408  3.9104e-09
1.57143  22.5918  3.81361e-09
1.57143  22.6429  3.71171e-09
1.57143  22.6939  3.60495e-09
1.57143  22.7449  3.49366e-09
1.57143  22.7959  3.3782e-09
1.57143  22.8469  3.25895e-09
1.57143  22.898  3.1363e-09
1.57143  22.949  3.01065e-09
1.57143  23  2.88234e-09
1.59796  20.5  4.77852e-09
1.59796  20.551  4.77691e-09
1.59796  20.602  4.77509e-09
1.59796  20.6531  4.77306e-09
1.59796  20.7041  4.77077e-09
1.59796  20.7551  4.7682e-09
1.59796  20.8061  4.76531e-09
1.59796  20.8571  4.76207e-09
1.59796  20.9082  4.75843e-09
1.59796  20.9592  4.75435e-09
1.59796  21.0102  4.74976e-09
1.59796  21.0612  4.74462e-09
1.59796  21.1122  4.73885e-09
1.59796  21.1633  4.73238e-09
1.59796  21.2143  4.72513e-09
1.59796  21.2653  4.71701e-09
1.59796  21.3163  4.70792e-09
1.59796  21.3673  4.69774e-09
1.59796  21.4184  4.68636e-09
1.59796  21.4694  4.67364e-09
1.59796  21.5204  4.65943e-09
1.59796  21.5714  4.64357e-09
1.59796  21.6224  4.62589e-09
1.59796  21.6735  4.60619e-09
1.59796  21.7245  4.58429e-09
1.59796  21.7755  4.55995e-09
1.59796  21.8265  4.53294e-09
1.59796  21.8776  4.50303e-09
1.59796  21.9286  4.46996e-09
1.59796  21.9796  4.43347e-09
1.59796  22.0306  4.39329e-09
1.59796  22.0816  4.34915e-09
1.59796  22.1327  4.30079e-09
1.59796  22.1837  4.24796e-09
1.59796  22.2347  4.19043e-09
1.59796  22.2857  4.128e-09
1.59796  22.3367  4.0605e-09
1.59796  22.3878  3.98779e-09
1.59796  22.4388  3.90982e-09
1.59796  22.4898  3.82657e-09
1.59796  22.5408  3.7381e-09
1.59796  22.5918  3.64455e-09
1.59796  22.6429  3.5461e-09
1.59796  22.6939  3.44303e-09
1.59796  22.7449  3.33564e-09
1.59796  22.7959  3.22431e-09
1.59796  22.8469  3.1094e-09
1.59796  22.898  2.99132e-09
1.59796  22.949  2.87044e-09
1.59796  23  2.74711e-09
1.62449  20.5  4.58205e-09
1.62449  20.551  4.58048e-09
1.62449  20.602  4.57872e-09
1.62449  20.6531  4.57675e-09
1.62449  20.7041  4.57453e-09
1.62449  20.7551  4.57203e-09
1.62449  20.8061  4.56923e-09
1.62449  20.8571  4.56608e-09
1.62449  20.9082  4.56255e-09
1.62449  20.9592  4.55858e-09
1.62449  21.0102  4.55413e-09
1.62449  21.0612  4.54914e-09
1.62449  21.1122  4.54354e-09
1.62449  21.1633  4.53726e-09
1.62449  21.2143  4.53023e-09
1.62449  21.2653  4.52234e-09
1.62449  21.3163  4.51352e-09
1.62449  21.3673  4.50364e-09
1.62449  21.4184  4.49259e-09
1.62449  21.4694  4.48024e-09
1.62449  21.5204  4.46645e-09
1.62449  21.5714  4.45106e-09
1.62449  21.6224  4.4339e-09
1.62449  21.6735  4.41479e-09
1.62449  21.7245  4.39354e-09
1.62449  21.7755  4.36992e-09
1.62449  21.8265  4.34372e-09
1.62449  21.8776  4.31471e-09
1.62449  21.9286  4.28263e-09
1.62449  21.9796  4.24724e-09
1.62449  22.0306  4.20827e-09
1.62449  22.0816  4.16548e-09
1.62449  22.1327  4.1186e-09
1.62449  22.1837  4.0674e-09
1.62449  22.2347  4.01165e-09
1.62449  22.2857  3.95117e-09
1.62449  22.3367  3.88579e-09
1.62449  22.3878  3.81539e-09
1.62449  22.4388  3.73992e-09
1.62449  22.4898  3.65938e-09
1.62449  22.5408  3.57382e-09
1.62449  22.5918  3.48338e-09
1.62449  22.6429  3.38827e-09
1.62449  22.6939  3.28873e-09
1.62449  22.7449  3.1851e-09
1.62449  22.7959  3.07773e-09
1.62449  22.8469  2.967e-09
1.62449  22.898  2.8533e-09
1.62449  22.949  2.73699e-09
1.62449  23  2.61843e-09
1.65102  20.5  4.39431e-09
1.65102  20.551  4.39279e-09
1.65102  20.602  4.39108e-09
1.65102  20.6531  4.38916e-09
1.65102  20.7041  4.38701e-09
1.65102  20.7551  4.38458e-09
1.65102  20.8061  4.38186e-09
1.65102  20.8571  4.37881e-09
1.65102  20.9082  4.37538e-09
1.65102  20.9592  4.37153e-09
1.65102  21.0102  4.36721e-09
1.65102  21.0612  4.36236e-09
1.65102  21.1122  4.35692e-09
1.65102  21.1633  4.35083e-09
1.65102  21.2143  4.344e-09
1.65102  21.2653  4.33635e-09
1.65102  21.3163  4.32778e-09
1.65102  21.3673  4.31819e-09
1.65102  21.4184  4.30747e-09
1.65102  21.4694  4.29548e-09
1.65102  21.5204  4.28209e-09
1.65102  21.5714  4.26716e-09
1.65102  21.6224  4.2505e-09
1.65102  21.6735  4.23196e-09
1.65102  21.7245  4.21133e-09
1.65102  21.7755  4.18842e-09
1.65102  21.8265  4.163e-09
1.65102  21.8776  4.13485e-09
1.65102  21.9286  4.10373e-09
1.65102  21.9796  4.0694e-09
1.65102  22.0306  4.03161e-09
1.65102  22.0816  3.99012e-09
1.65102  22.1327  3.94467e-09
1.65102  22.1837  3.89504e-09
1.65102  22.2347  3.84101e-09
1.65102  22.2857  3.78241e-09
1.65102  22.3367  3.71908e-09
1.65102  22.3878  3.65091e-09
1.65102  22.4388  3.57786e-09
1.65102  22.4898  3.49992e-09
1.65102  22.5408  3.41716e-09
1.65102  22.5918  3.32973e-09
1.65102  22.6429  3.23782e-09
1.65102  22.6939  3.14169e-09
1.65102  22.7449  3.04167e-09
1.65102  22.7959  2.93812e-09
1.65102  22.8469  2.83139e-09
1.65102  22.898  2.72189e-09
1.65102  22.949  2.60997e-09
1.65102  23  2.49598e-09
1.67755  20.5  4.2149e-09
1.67755  20.551  4.21342e-09
1.67755  20.602  4.21176e-09
1.67755  20.6531  4.2099e-09
1.67755  20.7041  4.2078e-09
1.67755  20.7551  4.20545e-09
1.67755  20.8061  4.20281e-09
1.67755  20.8571  4.19984e-09
1.67755  20.9082  4.19651e-09
1.67755  20.9592  4.19277e-09
1.67755  21.0102  4.18858e-09
1.67755  21.0612  4.18387e-09
1.67755  21.1122  4.17859e-09
1.67755  21.1633  4.17268e-09
1.67755  21.2143  4.16604e-09
1.67755  21.2653  4.15862e-09
1.67755  21.3163  4.1503e-09
1.67755  21.3673  4.14099e-09
1.67755  21.4184  4.13058e-09
1.67755  21.4694  4.11894e-09
1.67755  21.5204  4.10595e-09
1.67755  21.5714  4.09145e-09
1.67755  21.6224  4.07528e-09
1.67755  21.6735  4.05729e-09
1.67755  21.7245  4.03727e-09
1.67755  21.7755  4.01503e-09
1.67755  21.8265  3.99036e-09
1.67755  21.8776  3.96305e-09
1.67755  21.9286  3.93286e-09
1.67755  21.9796  3.89956e-09
1.67755  22.0306  3.86291e-09
1.67755  22.0816  3.82267e-09
1.67755  22.1327  3.7786e-09
1.67755  22.1837  3.73049e-09
1.67755  22.2347  3.67812e-09
1.67755  22.2857  3.62134e-09
1.67755  22.3367  3.55999e-09
1.67755  22.3878  3.49397e-09
1.67755  22.4388  3.42324e-09
1.67755  22.4898  3.34782e-09
1.67755  22.5408  3.26776e-09
1.67755  22.5918  3.18322e-09
1.67755  22.6429  3.09439e-09
1.67755  22.6939  3.00155e-09
1.67755  22.7449  2.90501e-09
1.67755  22.7959  2.80511e-09
1.67755  22.8469  2.70224e-09
1.67755  22.898  2.59677e-09
1.67755  22.949  2.48906e-09
1.67755  23  2.37946e-09
1.70408  20.5  4.04341e-09
1.70408  20.551  4.04198e-09
1.70408  20.602  4.04037e-09
1.70408  20.6531  4.03856e-09
1.70408  20.7041  4.03652e-09
1.70408  20.7551  4.03424e-09
1.70408  20.8061  4.03167e-09
1.70408  20.8571  4.02879e-09
1.70408  20.9082  4.02556e-09
1.70408  20.9592  4.02193e-09
1.70408  21.0102  4.01785e-09
1.70408  21.0612  4.01328e-09
1.70408  21.1122  4.00816e-09
1.70408  21.1633  4.00241e-09
1.70408  21.2143  3.99597e-09
1.70408  21.2653  3.98876e-09
1.70408  21.3163  3.98068e-09
1.70408  21.3673  3.97164e-09
1.70408  21.4184  3.96154e-09
1.70408  21.4694  3.95024e-09
1.70408  21.5204  3.93763e-09
1.70408  21.5714  3.92355e-09
1.70408  21.6224  3.90786e-09
1.70408  21.6735  3.89039e-09
1.70408  21.7245  3.87096e-09
1.70408  21.7755  3.84938e-09
1.70408  21.8265  3.82544e-09
1.70408  21.8776  3.79894e-09
1.70408  21.9286  3.76965e-09
1.70408  21.9796  3.73734e-09
1.70408  22.0306  3.70179e-09
1.70408  22.0816  3.66276e-09
1.70408  22.1327  3.62002e-09
1.70408  22.1837  3.57337e-09
1.70408  22.2347  3.52262e-09
1.70408  22.2857  3.46758e-09
1.70408  22.3367  3.40815e-09
1.70408  22.3878  3.3442e-09
1.70408  22.4388  3.27572e-09
1.70408  22.4898  3.20272e-09
1.70408  22.5408  3.12526e-09
1.70408  22.5918  3.04351e-09
1.70408  22.6429  2.95766e-09
1.70408  22.6939  2.86798e-09
1.70408  22.7449  2.77477e-09
1.70408  22.7959  2.6784e-09
1.70408  22.8469  2.57923e-09
1.70408  22.898  2.47763e-09
1.70408  22.949  2.37397e-09
1.70408  23  2.26856e-09
1.73061  20.5  3.87948e-09
1.73061  20.551  3.87809e-09
1.73061  20.602  3.87653e-09
1.73061  20.6531  3.87477e-09
1.73061  20.7041  3.87279e-09
1.73061  20.7551  3.87058e-09
1.73061  20.8061  3.86808e-09
1.73061  20.8571  3.86529e-09
1.73061  20.9082  3.86215e-09
1.73061  20.9592  3.85862e-09
1.73061  21.0102  3.85466e-09
1.73061  21.0612  3.85023e-09
1.73061  21.1122  3.84525e-09
1.73061  21.1633  3.83967e-09
1.73061  21.2143  3.83342e-09
1.73061  21.2653  3.82641e-09
1.73061  21.3163  3.81857e-09
1.73061  21.3673  3.80979e-09
1.73061  21.4184  3.79998e-09
1.73061  21.4694  3.78901e-09
1.73061  21.5204  3.77676e-09
1.73061  21.5714  3.76309e-09
1.73061  21.6224  3.74786e-09
1.73061  21.6735  3.7309e-09
1.73061  21.7245  3.71204e-09
1.73061  21.7755  3.69109e-09
1.73061  21.8265  3.66786e-09
1.73061  21.8776  3.64214e-09
1.73061  21.9286  3.61372e-09
1.73061  21.9796  3.58237e-09
1.73061  22.0306  3.54788e-09
1.73061  22.0816  3.51002e-09
1.73061  22.1327  3.46858e-09
1.73061  22.1837  3.42334e-09
1.73061  22.2347  3.37414e-09
1.73061  22.2857  3.3208e-09
1.73061  22.3367  3.26321e-09
1.73061  22.3878  3.20127e-09
1.73061  22.4388  3.13495e-09
1.73061  22.4898  3.06429e-09
1.73061  22.5408  2.98934e-09
1.73061  22.5918  2.91027e-09
1.73061  22.6429  2.82729e-09
1.73061  22.6939  2.74064e-09
1.73061  22.7449  2.65066e-09
1.73061  22.7959  2.55767e-09
1.73061  22.8469  2.46206e-09
1.73061  22.898  2.36418e-09
1.73061  22.949  2.26439e-09
1.73061  23  2.16302e-09
1.75714  20.5  3.72276e-09
1.75714  20.551  3.72141e-09
1.75714  20.602  3.71989e-09
1.75714  20.6531  3.71818e-09
1.75714  20.7041  3.71626e-09
1.75714  20.7551  3.71411e-09
1.75714  20.8061  3.71169e-09
1.75714  20.8571  3.70897e-09
1.75714  20.9082  3.70592e-09
1.75714  20.9592  3.7025e-09
1.75714  21.0102  3.69866e-09
1.75714  21.0612  3.69434e-09
1.75714  21.1122  3.68951e-09
1.75714  21.1633  3.68409e-09
1.75714  21.2143  3.67802e-09
1.75714  21.2653  3.67122e-09
1.75714  21.3163  3.6636e-09
1.75714  21.3673  3.65508e-09
1.75714  21.4184  3.64555e-09
1.75714  21.4694  3.63489e-09
1.75714  21.5204  3.623e-09
1.75714  21.5714  3.60973e-09
1.75714  21.6224  3.59494e-09
1.75714  21.6735  3.57848e-09
1.75714  21.7245  3.56017e-09
1.75714  21.7755  3.53983e-09
1.75714  21.8265  3.51728e-09
1.75714  21.8776  3.49232e-09
1.75714  21.9286  3.46474e-09
1.75714  21.9796  3.43432e-09
1.75714  22.0306  3.40085e-09
1.75714  22.0816  3.36413e-09
1.75714  22.1327  3.32393e-09
1.75714  22.1837  3.28006e-09
1.75714  22.2347  3.23236e-09
1.75714  22.2857  3.18066e-09
1.75714  22.3367  3.12484e-09
1.75714  22.3878  3.06484e-09
1.75714  22.4388  3.00062e-09
1.75714  22.4898  2.9322e-09
1.75714  22.5408  2.85968e-09
1.75714  22.5918  2.7832e-09
1.75714  22.6429  2.70297e-09
1.75714  22.6939  2.61925e-09
1.75714  22.7449  2.53236e-09
1.75714  22.7959  2.44263e-09
1.75714  22.8469  2.35044e-09
1.75714  22.898  2.25613e-09
1.75714  22.949  2.16006e-09
1.75714  23  2.06255e-09
1.78367  20.5  3.57291e-09
1.78367  20.551  3.5716e-09
1.78367  20.602  3.57012e-09
1.78367  20.6531  3.56846e-09
1.78367  20.7041  3.5666e-09
1.78367  20.7551  3.5645e-09
1.78367  20.8061  3.56215e-09
1.78367  20.8571  3.55951e-09
1.78367  20.9082  3.55655e-09
1.78367  20.9592  3.55322e-09
1.78367  21.0102  3.54949e-09
1.78367  21.0612  3.54531e-09
1.78367  21.1122  3.54061e-09
1.78367  21.1633  3.53535e-09
1.78367  21.2143  3.52945e-09
1.78367  21.2653  3.52284e-09
1.78367  21.3163  3.51544e-09
1.78367  21.3673  3.50717e-09
1.78367  21.4184  3.49791e-09
1.78367  21.4694  3.48757e-09
1.78367  21.5204  3.47602e-09
1.78367  21.5714  3.46313e-09
1.78367  21.6224  3.44877e-09
1.78367  21.6735  3.43278e-09
1.78367  21.7245  3.41501e-09
1.78367  21.7755  3.39526e-09
1.78367  21.8265  3.37337e-09
1.78367  21.8776  3.34914e-09
1.78367  21.9286  3.32237e-09
1.78367  21.9796  3.29285e-09
1.78367  22.0306  3.26038e-09
1.78367  22.0816  3.22475e-09
1.78367  22.1327  3.18576e-09
1.78367  22.1837  3.14321e-09
1.78367  22.2347  3.09695e-09
1.78367  22.2857  3.04683e-09
1.78367  22.3367  2.99274e-09
1.78367  22.3878  2.9346e-09
1.78367  22.4388  2.8724e-09
1.78367  22.4898  2.80616e-09
1.78367  22.5408  2.73597e-09
1.78367  22.5918  2.66199e-09
1.78367  22.6429  2.58441e-09
1.78367  22.6939  2.50352e-09
1.78367  22.7449  2.4196e-09
1.78367  22.7959  2.33301e-09
1.78367  22.8469  2.24409e-09
1.78367  22.898  2.15322e-09
1.78367  22.949  2.06072e-09
1.78367  23  1.96692e-09
1.8102  20.5  3.42961e-09
1.8102  20.551  3.42833e-09
1.8102  20.602  3.4269e-09
1.8102  20.6531  3.42528e-09
1.8102  20.7041  3.42347e-09
1.8102  20.7551  3.42144e-09
1.8102  20.8061  3.41916e-09
1.8102  20.8571  3.41659e-09
1.8102  20.9082  3.41371e-09
1.8102  20.9592  3.41048e-09
1.8102  21.0102  3.40686e-09
1.8102  21.0612  3.40279e-09
1.8102  21.1122  3.39823e-09
1.8102  21.1633  3.39312e-09
1.8102  21.2143  3.38739e-09
1.8102  21.2653  3.38097e-09
1.8102  21.3163  3.37378e-09
1.8102  21.3673  3.36574e-09
1.8102  21.4184  3.35675e-09
1.8102  21.4694  3.34671e-09
1.8102  21.5204  3.33549e-09
1.8102  21.5714  3.32298e-09
1.8102  21.6224  3.30903e-09
1.8102  21.6735  3.29351e-09
1.8102  21.7245  3.27624e-09
1.8102  21.7755  3.25708e-09
1.8102  21.8265  3.23582e-09
1.8102  21.8776  3.2123e-09
1.8102  21.9286  3.18632e-09
1.8102  21.9796  3.15767e-09
1.8102  22.0306  3.12616e-09
1.8102  22.0816  3.09158e-09
1.8102  22.1327  3.05375e-09
1.8102  22.1837  3.01249e-09
1.8102  22.2347  2.96763e-09
1.8102  22.2857  2.91903e-09
1.8102  22.3367  2.8666e-09
1.8102  22.3878  2.81027e-09
1.8102  22.4388  2.75001e-09
1.8102  22.4898  2.68587e-09
1.8102  22.5408  2.61793e-09
1.8102  22.5918  2.54636e-09
1.8102  22.6429  2.47134e-09
1.8102  22.6939  2.39316e-09
1.8102  22.7449  2.31211e-09
1.8102  22.7959  2.22853e-09
1.8102  22.8469  2.14278e-09
1.8102  22.898  2.05519e-09
1.8102  22.949  1.96613e-09
1.8102  23  1.87588e-09
1.83673  20.5  3.29255e-09
1.83673  20.551  3.29131e-09
1.83673  20.602  3.28991e-09
1.83673  20.6531  3.28835e-09
1.83673  20.7041  3.28659e-09
1.83673  20.7551  3.28461e-09
1.83673  20.8061  3.28239e-09
1.83673  20.8571  3.2799e-09
1.83673  20.9082  3.27711e-09
1.83673  20.9592  3.27397e-09
1.83673  21.0102  3.27044e-09
1.83673  21.0612  3.26649e-09
1.83673  21.1122  3.26206e-09
1.83673  21.1633  3.25709e-09
1.83673  21.2143  3.25153e-09
1.83673  21.2653  3.24529e-09
1.83673  21.3163  3.23831e-09
1.83673  21.3673  3.2305e-09
1.83673  21.4184  3.22177e-09
1.83673  21.4694  3.21201e-09
1.83673  21.5204  3.20112e-09
1.83673  21.5714  3.18897e-09
1.83673  21.6224  3.17542e-09
1.83673  21.6735  3.16034e-09
1.83673  21.7245  3.14358e-09
1.83673  21.7755  3.12497e-09
1.83673  21.8265  3.10434e-09
1.83673  21.8776  3.0815e-09
1.83673  21.9286  3.05627e-09
1.83673  21.9796  3.02846e-09
1.83673  22.0306  2.99788e-09
1.83673  22.0816  2.96433e-09
1.83673  22.1327  2.92763e-09
1.83673  22.1837  2.8876e-09
1.83673  22.2347  2.84409e-09
1.83673  22.2857  2.79697e-09
1.83673  22.3367  2.74615e-09
1.83673  22.3878  2.69155e-09
1.83673  22.4388  2.63318e-09
1.83673  22.4898  2.57106e-09
1.83673  22.5408  2.5053e-09
1.83673  22.5918  2.43604e-09
1.83673  22.6429  2.36349e-09
1.83673  22.6939  2.28793e-09
1.83673  22.7449  2.20963e-09
1.83673  22.7959  2.12895e-09
1.83673  22.8469  2.04623e-09
1.83673  22.898  1.96182e-09
1.83673  22.949  1.87604e-09
1.83673  23  1.78921e-09
1.86327  20.5  3.16139e-09
1.86327  20.551  3.16019e-09
1.86327  20.602  3.15884e-09
1.86327  20.6531  3.15731e-09
1.86327  20.7041  3.15561e-09
1.86327  20.7551  3.15369e-09
1.86327  20.8061  3.15153e-09
1.86327  20.8571  3.14911e-09
1.86327  20.9082  3.14639e-09
1.86327  20.9592  3.14334e-09
1.86327  21.0102  3.13992e-09
1.86327  21.0612  3.13608e-09
1.86327  21.1122  3.13177e-09
1.86327  21.1633  3.12695e-09
1.86327  21.2143  3.12154e-09
1.86327  21.2653  3.11548e-09
1.86327  21.3163  3.1087e-09
1.86327  21.3673  3.10112e-09
1.86327  21.4184  3.09263e-09
1.86327  21.4694  3.08315e-09
1.86327  21.5204  3.07257e-09
1.86327  21.5714  3.06077e-09
1.86327  21.6224  3.04761e-09
1.86327  21.6735  3.03297e-09
1.86327  21.7245  3.01669e-09
1.86327  21.7755  2.99861e-09
1.86327  21.8265  2.97858e-09
1.86327  21.8776  2.9564e-09
1.86327  21.9286  2.93191e-09
1.86327  21.9796  2.90492e-09
1.86327  22.0306  2.87523e-09
1.86327  22.0816  2.84267e-09
1.86327  22.1327  2.80706e-09
1.86327  22.1837  2.76823e-09
1.86327  22.2347  2.72603e-09
1.86327  22.2857  2.68034e-09
1.86327  22.3367  2.63106e-09
1.86327  22.3878  2.57815e-09
1.86327  22.4388  2.52159e-09
1.86327  22.4898  2.46143e-09
1.86327  22.5408  2.39776e-09
1.86327  22.5918  2.33074e-09
1.86327  22.6429  2.26057e-09
1.86327  22.6939  2.18753e-09
1.86327  22.7449  2.11189e-09
1.86327  22.7959  2.034e-09
1.86327  22.8469  1.9542e-09
1.86327  22.898  1.87283e-09
1.86327  22.949  1.79022e-09
1.86327  23  1.70665e-09
1.8898  20.5  3.03597e-09
1.8898  20.551  3.0348e-09
1.8898  20.602  3.03349e-09
1.8898  20.6531  3.03201e-09
1.8898  20.7041  3.03035e-09
1.8898  20.7551  3.02848e-09
1.8898  20.8061  3.02639e-09
1.8898  20.8571  3.02403e-09
1.8898  20.9082  3.02139e-09
1.8898  20.9592  3.01843e-09
1.8898  21.0102  3.0151e-09
1.8898  21.0612  3.01137e-09
1.8898  21.1122  3.00719e-09
1.8898  21.1633  3.0025e-09
1.8898  21.2143  2.99725e-09
1.8898  21.2653  2.99136e-09
1.8898  21.3163  2.98477e-09
1.8898  21.3673  2.9774e-09
1.8898  21.4184  2.96916e-09
1.8898  21.4694  2.95995e-09
1.8898  21.5204  2.94967e-09
1.8898  21.5714  2.9382e-09
1.8898  21.6224  2.92542e-09
1.8898  21.6735  2.9112e-09
1.8898  21.7245  2.89539e-09
1.8898  21.7755  2.87783e-09
1.8898  21.8265  2.85838e-09
1.8898  21.8776  2.83685e-09
1.8898  21.9286  2.81307e-09
1.8898  21.9796  2.78686e-09
1.8898  22.0306  2.75804e-09
1.8898  22.0816  2.72644e-09
1.8898  22.1327  2.69188e-09
1.8898  22.1837  2.6542e-09
1.8898  22.2347  2.61327e-09
1.8898  22.2857  2.56895e-09
1.8898  22.3367  2.52118e-09
1.8898  22.3878  2.46989e-09
1.8898  22.4388  2.41508e-09
1.8898  22.4898  2.35681e-09
1.8898  22.5408  2.29516e-09
1.8898  22.5918  2.2303e-09
1.8898  22.6429  2.16242e-09
1.8898  22.6939  2.0918e-09
1.8898  22.7449  2.01872e-09
1.8898  22.7959  1.94352e-09
1.8898  22.8469  1.86653e-09
1.8898  22.898  1.78808e-09
1.8898  22.949  1.7085e-09
1.8898  23  1.62808e-09
1.91633  20.5  2.91597e-09
1.91633  20.551  2.91483e-09
1.91633  20.602  2.91355e-09
1.91633  20.6531  2.91211e-09
1.91633  20.7041  2.9105e-09
1.91633  20.7551  2.90869e-09
1.91633  20.8061  2.90665e-09
1.91633  20.8571  2.90437e-09
1.91633  20.9082  2.9018e-09
1.91633  20.9592  2.89892e-09
1.91633  21.0102  2.89569e-09
1.91633  21.0612  2.89206e-09
1.91633  21.1122  2.888e-09
1.91633  21.1633  2.88344e-09
1.91633  21.2143  2.87833e-09
1.91633  21.2653  2.87262e-09
1.91633  21.3163  2.86621e-09
1.91633  21.3673  2.85905e-09
1.91633  21.4184  2.85104e-09
1.91633  21.4694  2.8421e-09
1.91633  21.5204  2.83211e-09
1.91633  21.5714  2.82097e-09
1.91633  21.6224  2.80855e-09
1.91633  21.6735  2.79474e-09
1.91633  21.7245  2.77938e-09
1.91633  21.7755  2.76233e-09
1.91633  21.8265  2.74343e-09
1.91633  21.8776  2.72252e-09
1.91633  21.9286  2.69943e-09
1.91633  21.9796  2.67398e-09
1.91633  22.0306  2.64601e-09
1.91633  22.0816  2.61533e-09
1.91633  22.1327  2.58179e-09
1.91633  22.1837  2.54523e-09
1.91633  22.2347  2.50551e-09
1.91633  22.2857  2.46253e-09
1.91633  22.3367  2.4162e-09
1.91633  22.3878  2.36648e-09
1.91633  22.4388  2.31337e-09
1.91633  22.4898  2.25692e-09
1.91633  22.5408  2.19722e-09
1.91633  22.5918  2.13444e-09
1.91633  22.6429  2.06878e-09
1.91633  22.6939  2.00049e-09
1.91633  22.7449  1.92988e-09
1.91633  22.7959  1.85726e-09
1.91633  22.8469  1.78296e-09
1.91633  22.898  1.70733e-09
1.91633  22.949  1.63066e-09
1.91633  23  1.55325e-09
1.94286  20.5  2.80113e-09
1.94286  20.551  2.80002e-09
1.94286  20.602  2.79878e-09
1.94286  20.6531  2.79739e-09
1.94286  20.7041  2.79582e-09
1.94286  20.7551  2.79405e-09
1.94286  20.8061  2.79208e-09
1.94286  20.8571  2.78985e-09
1.94286  20.9082  2.78736e-09
1.94286  20.9592  2.78456e-09
1.94286  21.0102  2.78142e-09
1.94286  21.0612  2.7779e-09
1.94286  21.1122  2.77395e-09
1.94286  21.1633  2.76952e-09
1.94286  21.2143  2.76456e-09
1.94286  21.2653  2.759e-09
1.94286  21.3163  2.75278e-09
1.94286  21.3673  2.74582e-09
1.94286  21.4184  2.73804e-09
1.94286  21.4694  2.72934e-09
1.94286  21.5204  2.71964e-09
1.94286  21.5714  2.70881e-09
1.94286  21.6224  2.69675e-09
1.94286  21.6735  2.68333e-09
1.94286  21.7245  2.66841e-09
1.94286  21.7755  2.65184e-09
1.94286  21.8265  2.63349e-09
1.94286  21.8776  2.61318e-09
1.94286  21.9286  2.59076e-09
1.94286  21.9796  2.56605e-09
1.94286  22.0306  2.53889e-09
1.94286  22.0816  2.50911e-09
1.94286  22.1327  2.47655e-09
1.94286  22.1837  2.44107e-09
1.94286  22.2347  2.40254e-09
1.94286  22.2857  2.36084e-09
1.94286  22.3367  2.31591e-09
1.94286  22.3878  2.26771e-09
1.94286  22.4388  2.21623e-09
1.94286  22.4898  2.16154e-09
1.94286  22.5408  2.10372e-09
1.94286  22.5918  2.04295e-09
1.94286  22.6429  1.97942e-09
1.94286  22.6939  1.91339e-09
1.94286  22.7449  1.84515e-09
1.94286  22.7959  1.77501e-09
1.94286  22.8469  1.70331e-09
1.94286  22.898  1.63038e-09
1.94286  22.949  1.55651e-09
1.94286  23  1.482e-09
1.96939  20.5  2.69122e-09
1.96939  20.551  2.69015e-09
1.96939  20.602  2.68894e-09
1.96939  20.6531  2.68758e-09
1.96939  20.7041  2.68606e-09
1.96939  20.7551  2.68435e-09
1.96939  20.8061  2.68242e-09
1.96939  20.8571  2.68026e-09
1.96939  20.9082  2.67784e-09
1.96939  20.9592  2.67512e-09
1.96939  21.0102  2.67207e-09
1.96939  21.0612  2.66864e-09
1.96939  21.1122  2.6648e-09
1.96939  21.1633  2.6605e-09
1.96939  21.2143  2.65568e-09
1.96939  21.2653  2.65027e-09
1.96939  21.3163  2.64423e-09
1.96939  21.3673  2.63746e-09
1.96939  21.4184  2.6299e-09
1.96939  21.4694  2.62145e-09
1.96939  21.5204  2.61202e-09
1.96939  21.5714  2.6015e-09
1.96939  21.6224  2.58978e-09
1.96939  21.6735  2.57674e-09
1.96939  21.7245  2.56225e-09
1.96939  21.7755  2.54616e-09
1.96939  21.8265  2.52832e-09
1.96939  21.8776  2.5086e-09
1.96939  21.9286  2.48682e-09
1.96939  21.9796  2.46283e-09
1.96939  22.0306  2.43645e-09
1.96939  22.0816  2.40754e-09
1.96939  22.1327  2.37594e-09
1.96939  22.1837  2.3415e-09
1.96939  22.2347  2.30411e-09
1.96939  22.2857  2.26366e-09
1.96939  22.3367  2.22009e-09
1.96939  22.3878  2.17335e-09
1.96939  22.4388  2.12345e-09
1.96939  22.4898  2.07045e-09
1.96939  22.5408  2.01446e-09
1.96939  22.5918  1.95562e-09
1.96939  22.6429  1.89414e-09
1.96939  22.6939  1.83029e-09
1.96939  22.7449  1.76433e-09
1.96939  22.7959  1.69659e-09
1.96939  22.8469  1.62739e-09
1.96939  22.898  1.55705e-09
1.96939  22.949  1.48587e-09
1.96939  23  1.41413e-09
1.99592  20.5  2.58602e-09
1.99592  20.551  2.58498e-09
1.99592  20.602  2.5838e-09
1.99592  20.6531  2.58248e-09
1.99592  20.7041  2.581e-09
1.99592  20.7551  2.57934e-09
1.99592  20.8061  2.57747e-09
1.99592  20.8571  2.57537e-09
1.99592  20.9082  2.57301e-09
1.99592  20.9592  2.57037e-09
1.99592  21.0102  2.5674e-09
1.99592  21.0612  2.56407e-09
1.99592  21.1122  2.56034e-09
1.99592  21.1633  2.55615e-09
1.99592  21.2143  2.55147e-09
1.99592  21.2653  2.54622e-09
1.99592  21.3163  2.54034e-09
1.99592  21.3673  2.53377e-09
1.99592  21.4184  2.52642e-09
1.99592  21.4694  2.51821e-09
1.99592  21.5204  2.50904e-09
1.99592  21.5714  2.49882e-09
1.99592  21.6224  2.48743e-09
1.99592  21.6735  2.47476e-09
1.99592  21.7245  2.46067e-09
1.99592  21.7755  2.44504e-09
1.99592  21.8265  2.42772e-09
1.99592  21.8776  2.40856e-09
1.99592  21.9286  2.3874e-09
1.99592  21.9796  2.3641e-09
1.99592  22.0306  2.33849e-09
1.99592  22.0816  2.31042e-09
1.99592  22.1327  2.27973e-09
1.99592  22.1837  2.24631e-09
1.99592  22.2347  2.21002e-09
1.99592  22.2857  2.17078e-09
1.99592  22.3367  2.12851e-09
1.99592  22.3878  2.08319e-09
1.99592  22.4388  2.03482e-09
1.99592  22.4898  1.98346e-09
1.99592  22.5408  1.92922e-09
1.99592  22.5918  1.87225e-09
1.99592  22.6429  1.81276e-09
1.99592  22.6939  1.75099e-09
1.99592  22.7449  1.68724e-09
1.99592  22.7959  1.6218e-09
1.99592  22.8469  1.555e-09
1.99592  22.898  1.48716e-09
1.99592  22.949  1.41857e-09
1.99592  23  1.34949e-09
2.02245  20.5  2.48531e-09
2.02245  20.551  2.48429e-09
2.02245  20.602  2.48315e-09
2.02245  20.6531  2.48187e-09
2.02245  20.7041  2.48043e-09
2.02245  20.7551  2.47881e-09
2.02245  20.8061  2.47699e-09
2.02245  20.8571  2.47495e-09
2.02245  20.9082  2.47266e-09
2.02245  20.9592  2.47009e-09
2.02245  21.0102  2.46721e-09
2.02245  21.0612  2.46397e-09
2.02245  21.1122  2.46034e-09
2.02245  21.1633  2.45627e-09
2.02245  21.2143  2.45172e-09
2.02245  21.2653  2.44661e-09
2.02245  21.3163  2.4409e-09
2.02245  21.3673  2.43451e-09
2.02245  21.4184  2.42737e-09
2.02245  21.4694  2.41939e-09
2.02245  21.5204  2.41048e-09
2.02245  21.5714  2.40055e-09
2.02245  21.6224  2.38948e-09
2.02245  21.6735  2.37716e-09
2.02245  21.7245  2.36348e-09
2.02245  21.7755  2.34829e-09
2.02245  21.8265  2.33146e-09
2.02245  21.8776  2.31284e-09
2.02245  21.9286  2.29229e-09
2.02245  21.9796  2.26966e-09
2.02245  22.0306  2.24478e-09
2.02245  22.0816  2.21753e-09
2.02245  22.1327  2.18774e-09
2.02245  22.1837  2.15529e-09
2.02245  22.2347  2.12007e-09
2.02245  22.2857  2.08199e-09
2.02245  22.3367  2.04099e-09
2.02245  22.3878  1.99703e-09
2.02245  22.4388  1.95014e-09
2.02245  22.4898  1.90037e-09
2.02245  22.5408  1.84782e-09
2.02245  22.5918  1.79265e-09
2.02245  22.6429  1.73507e-09
2.02245  22.6939  1.67533e-09
2.02245  22.7449  1.61369e-09
2.02245  22.7959  1.55047e-09
2.02245  22.8469  1.48599e-09
2.02245  22.898  1.42055e-09
2.02245  22.949  1.35443e-09
2.02245  23  1.28792e-09
2.04898  20.5  2.38888e-09
2.04898  20.551  2.3879e-09
2.04898  20.602  2.38679e-09
2.04898  20.6531  2.38554e-09
2.04898  20.7041  2.38414e-09
2.04898  20.7551  2.38256e-09
2.04898  20.8061  2.3808e-09
2.04898  20.8571  2.37881e-09
2.04898  20.9082  2.37658e-09
2.04898  20.9592  2.37409e-09
2.04898  21.0102  2.37128e-09
2.04898  21.0612  2.36813e-09
2.04898  21.1122  2.36461e-09
2.04898  21.1633  2.36065e-09
2.04898  21.2143  2.35622e-09
2.04898  21.2653  2.35126e-09
2.04898  21.3163  2.34571e-09
2.04898  21.3673  2.3395e-09
2.04898  21.4184  2.33255e-09
2.04898  21.4694  2.3248e-09
2.04898  21.5204  2.31614e-09
2.04898  21.5714  2.30648e-09
2.04898  21.6224  2.29573e-09
2.04898  21.6735  2.28376e-09
2.04898  21.7245  2.27046e-09
2.04898  21.7755  2.2557e-09
2.04898  21.8265  2.23934e-09
2.04898  21.8776  2.22126e-09
2.04898  21.9286  2.20129e-09
2.04898  21.9796  2.17931e-09
2.04898  22.0306  2.15515e-09
2.04898  22.0816  2.12867e-09
2.04898  22.1327  2.09975e-09
2.04898  22.1837  2.06825e-09
2.04898  22.2347  2.03407e-09
2.04898  22.2857  1.99711e-09
2.04898  22.3367  1.95733e-09
2.04898  22.3878  1.9147e-09
2.04898  22.4388  1.86923e-09
2.04898  22.4898  1.82099e-09
2.04898  22.5408  1.77007e-09
2.04898  22.5918  1.71665e-09
2.04898  22.6429  1.66091e-09
2.04898  22.6939  1.60311e-09
2.04898  22.7449  1.54352e-09
2.04898  22.7959  1.48244e-09
2.04898  22.8469  1.42018e-09
2.04898  22.898  1.35705e-09
2.04898  22.949  1.29332e-09
2.04898  23  1.22926e-09
2.07551  20.5  2.29655e-09
2.07551  20.551  2.29558e-09
2.07551  20.602  2.29451e-09
2.07551  20.6531  2.29329e-09
2.07551  20.7041  2.29193e-09
2.07551  20.7551  2.2904e-09
2.07551  20.8061  2.28868e-09
2.07551  20.8571  2.28675e-09
2.07551  20.9082  2.28459e-09
2.07551  20.9592  2.28216e-09
2.07551  21.0102  2.27943e-09
2.07551  21.0612  2.27637e-09
2.07551  21.1122  2.27294e-09
2.07551  21.1633  2.2691e-09
2.07551  21.2143  2.26479e-09
2.07551  21.2653  2.25997e-09
2.07551  21.3163  2.25457e-09
2.07551  21.3673  2.24853e-09
2.07551  21.4184  2.24178e-09
2.07551  21.4694  2.23424e-09
2.07551  21.5204  2.22582e-09
2.07551  21.5714  2.21644e-09
2.07551  21.6224  2.20598e-09
2.07551  21.6735  2.19435e-09
2.07551  21.7245  2.18142e-09
2.07551  21.7755  2.16708e-09
2.07551  21.8265  2.15119e-09
2.07551  21.8776  2.13361e-09
2.07551  21.9286  2.11421e-09
2.07551  21.9796  2.09285e-09
2.07551  22.0306  2.06939e-09
2.07551  22.0816  2.04368e-09
2.07551  22.1327  2.01559e-09
2.07551  22.1837  1.98501e-09
2.07551  22.2347  1.95182e-09
2.07551  22.2857  1.91596e-09
2.07551  22.3367  1.87736e-09
2.07551  22.3878  1.83601e-09
2.07551  22.4388  1.79192e-09
2.07551  22.4898  1.74515e-09
2.07551  22.5408  1.69582e-09
2.07551  22.5918  1.64407e-09
2.07551  22.6429  1.59012e-09
2.07551  22.6939  1.53419e-09
2.07551  22.7449  1.47657e-09
2.07551  22.7959  1.41755e-09
2.07551  22.8469  1.35743e-09
2.07551  22.898  1.29652e-09
2.07551  22.949  1.23508e-09
2.07551  23  1.17338e-09
2.10204  20.5  2.20811e-09
2.10204  20.551  2.20718e-09
2.10204  20.602  2.20613e-09
2.10204  20.6531  2.20495e-09
2.10204  20.7041  2.20362e-09
2.10204  20.7551  2.20214e-09
2.10204  20.8061  2.20046e-09
2.10204  20.8571  2.19859e-09
2.10204  20.9082  2.19648e-09
2.10204  20.9592  2.19412e-09
2.10204  21.0102  2.19147e-09
2.10204  21.0612  2.18849e-09
2.10204  21.1122  2.18516e-09
2.10204  21.1633  2.18142e-09
2.10204  21.2143  2.17723e-09
2.10204  21.2653  2.17254e-09
2.10204  21.3163  2.1673e-09
2.10204  21.3673  2.16142e-09
2.10204  21.4184  2.15486e-09
2.10204  21.4694  2.14753e-09
2.10204  21.5204  2.13935e-09
2.10204  21.5714  2.13022e-09
2.10204  21.6224  2.12006e-09
2.10204  21.6735  2.10875e-09
2.10204  21.7245  2.09619e-09
2.10204  21.7755  2.08225e-09
2.10204  21.8265  2.0668e-09
2.10204  21.8776  2.04972e-09
2.10204  21.9286  2.03088e-09
2.10204  21.9796  2.01013e-09
2.10204  22.0306  1.98733e-09
2.10204  22.0816  1.96236e-09
2.10204  22.1327  1.93508e-09
2.10204  22.1837  1.90538e-09
2.10204  22.2347  1.87317e-09
2.10204  22.2857  1.83836e-09
2.10204  22.3367  1.8009e-09
2.10204  22.3878  1.76078e-09
2.10204  22.4388  1.71802e-09
2.10204  22.4898  1.67269e-09
2.10204  22.5408  1.62488e-09
2.10204  22.5918  1.57476e-09
2.10204  22.6429  1.52252e-09
2.10204  22.6939  1.4684e-09
2.10204  22.7449  1.41268e-09
2.10204  22.7959  1.35564e-09
2.10204  22.8469  1.29759e-09
2.10204  22.898  1.23881e-09
2.10204  22.949  1.17958e-09
2.10204  23  1.12014e-09
2.12857  20.5  2.1234e-09
2.12857  20.551  2.1225e-09
2.12857  20.602  2.12147e-09
2.12857  20.6531  2.12033e-09
2.12857  20.7041  2.11904e-09
2.12857  20.7551  2.11759e-09
2.12857  20.8061  2.11597e-09
2.12857  20.8571  2.11414e-09
2.12857  20.9082  2.1121e-09
2.12857  20.9592  2.1098e-09
2.12857  21.0102  2.10722e-09
2.12857  21.0612  2.10433e-09
2.12857  21.1122  2.10108e-09
2.12857  21.1633  2.09745e-09
2.12857  21.2143  2.09338e-09
2.12857  21.2653  2.08882e-09
2.12857  21.3163  2.08371e-09
2.12857  21.3673  2.078e-09
2.12857  21.4184  2.07162e-09
2.12857  21.4694  2.06449e-09
2.12857  21.5204  2.05654e-09
2.12857  21.5714  2.04767e-09
2.12857  21.6224  2.03779e-09
2.12857  21.6735  2.0268e-09
2.12857  21.7245  2.01458e-09
2.12857  21.7755  2.00103e-09
2.12857  21.8265  1.98602e-09
2.12857  21.8776  1.96943e-09
2.12857  21.9286  1.95111e-09
2.12857  21.9796  1.93095e-09
2.12857  22.0306  1.9088e-09
2.12857  22.0816  1.88454e-09
2.12857  22.1327  1.85805e-09
2.12857  22.1837  1.82921e-09
2.12857  22.2347  1.79793e-09
2.12857  22.2857  1.76414e-09
2.12857  22.3367  1.72779e-09
2.12857  22.3878  1.68887e-09
2.12857  22.4388  1.6474e-09
2.12857  22.4898  1.60344e-09
2.12857  22.5408  1.55711e-09
2.12857  22.5918  1.50855e-09
2.12857  22.6429  1.45797e-09
2.12857  22.6939  1.4056e-09
2.12857  22.7449  1.35171e-09
2.12857  22.7959  1.29658e-09
2.12857  22.8469  1.24051e-09
2.12857  22.898  1.18378e-09
2.12857  22.949  1.12667e-09
2.12857  23  1.06941e-09
2.1551  20.5  2.04226e-09
2.1551  20.551  2.04137e-09
2.1551  20.602  2.04038e-09
2.1551  20.6531  2.03926e-09
2.1551  20.7041  2.03801e-09
2.1551  20.7551  2.0366e-09
2.1551  20.8061  2.03502e-09
2.1551  20.8571  2.03325e-09
2.1551  20.9082  2.03126e-09
2.1551  20.9592  2.02902e-09
2.1551  21.0102  2.02651e-09
2.1551  21.0612  2.0237e-09
2.1551  21.1122  2.02055e-09
2.1551  21.1633  2.01701e-09
2.1551  21.2143  2.01305e-09
2.1551  21.2653  2.00862e-09
2.1551  21.3163  2.00366e-09
2.1551  21.3673  1.9981e-09
2.1551  21.4184  1.9919e-09
2.1551  21.4694  1.98497e-09
2.1551  21.5204  1.97723e-09
2.1551  21.5714  1.96861e-09
2.1551  21.6224  1.959e-09
2.1551  21.6735  1.94832e-09
2.1551  21.7245  1.93644e-09
2.1551  21.7755  1.92327e-09
2.1551  21.8265  1.90868e-09
2.1551  21.8776  1.89255e-09
2.1551  21.9286  1.87475e-09
2.1551  21.9796  1.85516e-09
2.1551  22.0306  1.83364e-09
2.1551  22.0816  1.81007e-09
2.1551  22.1327  1.78434e-09
2.1551  22.1837  1.75633e-09
2.1551  22.2347  1.72596e-09
2.1551  22.2857  1.69316e-09
2.1551  22.3367  1.65788e-09
2.1551  22.3878  1.62011e-09
2.1551  22.4388  1.57988e-09
2.1551  22.4898  1.53726e-09
2.1551  22.5408  1.49235e-09
2.1551  22.5918  1.44531e-09
2.1551  22.6429  1.39633e-09
2.1551  22.6939  1.34564e-09
2.1551  22.7449  1.29351e-09
2.1551  22.7959  1.24023e-09
2.1551  22.8469  1.18607e-09
2.1551  22.898  1.13132e-09
2.1551  22.949  1.07624e-09
2.1551  23  1.02107e-09
2.18163  20.5  1.96451e-09
2.18163  20.551  1.96365e-09
2.18163  20.602  1.96268e-09
2.18163  20.6531  1.9616e-09
2.18163  20.7041  1.96038e-09
2.18163  20.7551  1.95901e-09
2.18163  20.8061  1.95747e-09
2.18163  20.8571  1.95575e-09
2.18163  20.9082  1.95381e-09
2.18163  20.9592  1.95163e-09
2.18163  21.0102  1.9492e-09
2.18163  21.0612  1.94646e-09
2.18163  21.1122  1.94339e-09
2.18163  21.1633  1.93995e-09
2.18163  21.2143  1.9361e-09
2.18163  21.2653  1.93179e-09
2.18163  21.3163  1.92696e-09
2.18163  21.3673  1.92157e-09
2.18163  21.4184  1.91553e-09
2.18163  21.4694  1.90879e-09
2.18163  21.5204  1.90127e-09
2.18163  21.5714  1.89288e-09
2.18163  21.6224  1.88354e-09
2.18163  21.6735  1.87315e-09
2.18163  21.7245  1.86161e-09
2.18163  21.7755  1.8488e-09
2.18163  21.8265  1.83462e-09
2.18163  21.8776  1.81894e-09
2.18163  21.9286  1.80164e-09
2.18163  21.9796  1.7826e-09
2.18163  22.0306  1.76169e-09
2.18163  22.0816  1.73879e-09
2.18163  22.1327  1.71379e-09
2.18163  22.1837  1.68659e-09
2.18163  22.2347  1.6571e-09
2.18163  22.2857  1.62525e-09
2.18163  22.3367  1.59101e-09
2.18163  22.3878  1.55436e-09
2.18163  22.4388  1.51534e-09
2.18163  22.4898  1.47401e-09
2.18163  22.5408  1.43047e-09
2.18163  22.5918  1.38489e-09
2.18163  22.6429  1.33745e-09
2.18163  22.6939  1.28839e-09
2.18163  22.7449  1.23796e-09
2.18163  22.7959  1.18645e-09
2.18163  22.8469  1.13413e-09
2.18163  22.898  1.08128e-09
2.18163  22.949  1.02817e-09
2.18163  23  9.75006e-10
2.20816  20.5  1.89e-09
2.20816  20.551  1.88917e-09
2.20816  20.602  1.88823e-09
2.20816  20.6531  1.88717e-09
2.20816  20.7041  1.88599e-09
2.20816  20.7551  1.88465e-09
2.20816  20.8061  1.88316e-09
2.20816  20.8571  1.88148e-09
2.20816  20.9082  1.8796e-09
2.20816  20.9592  1.87748e-09
2.20816  21.0102  1.87511e-09
2.20816  21.0612  1.87245e-09
2.20816  21.1122  1.86946e-09
2.20816  21.1633  1.86612e-09
2.20816  21.2143  1.86237e-09
2.20816  21.2653  1.85818e-09
2.20816  21.3163  1.85349e-09
2.20816  21.3673  1.84824e-09
2.20816  21.4184  1.84237e-09
2.20816  21.4694  1.83581e-09
2.20816  21.5204  1.8285e-09
2.20816  21.5714  1.82034e-09
2.20816  21.6224  1.81126e-09
2.20816  21.6735  1.80116e-09
2.20816  21.7245  1.78993e-09
2.20816  21.7755  1.77748e-09
2.20816  21.8265  1.7637e-09
2.20816  21.8776  1.74845e-09
2.20816  21.9286  1.73164e-09
2.20816  21.9796  1.71313e-09
2.20816  22.0306  1.69281e-09
2.20816  22.0816  1.67056e-09
2.20816  22.1327  1.64628e-09
2.20816  22.1837  1.61985e-09
2.20816  22.2347  1.59121e-09
2.20816  22.2857  1.56029e-09
2.20816  22.3367  1.52705e-09
2.20816  22.3878  1.49148e-09
2.20816  22.4388  1.45362e-09
2.20816  22.4898  1.41354e-09
2.20816  22.5408  1.37133e-09
2.20816  22.5918  1.32716e-09
2.20816  22.6429  1.28121e-09
2.20816  22.6939  1.23372e-09
2.20816  22.7449  1.18494e-09
2.20816  22.7959  1.13513e-09
2.20816  22.8469  1.08458e-09
2.20816  22.898  1.03357e-09
2.20816  22.949  9.8233e-10
2.20816  23  9.31101e-10
2.23469  20.5  1.8186e-09
2.23469  20.551  1.81778e-09
2.23469  20.602  1.81687e-09
2.23469  20.6531  1.81584e-09
2.23469  20.7041  1.81469e-09
2.23469  20.7551  1.81339e-09
2.23469  20.8061  1.81194e-09
2.23469  20.8571  1.81031e-09
2.23469  20.9082  1.80847e-09
2.23469  20.9592  1.80642e-09
2.23469  21.0102  1.80411e-09
2.23469  21.0612  1.80152e-09
2.23469  21.1122  1.79862e-09
2.23469  21.1633  1.79537e-09
2.23469  21.2143  1.79172e-09
2.23469  21.2653  1.78764e-09
2.23469  21.3163  1.78308e-09
2.23469  21.3673  1.77797e-09
2.23469  21.4184  1.77226e-09
2.23469  21.4694  1.76589e-09
2.23469  21.5204  1.75877e-09
2.23469  21.5714  1.75084e-09
2.23469  21.6224  1.74201e-09
2.23469  21.6735  1.73219e-09
2.23469  21.7245  1.72127e-09
2.23469  21.7755  1.70917e-09
2.23469  21.8265  1.69576e-09
2.23469  21.8776  1.68094e-09
2.23469  21.9286  1.6646e-09
2.23469  21.9796  1.64661e-09
2.23469  22.0306  1.62686e-09
2.23469  22.0816  1.60524e-09
2.23469  22.1327  1.58164e-09
2.23469  22.1837  1.55598e-09
2.23469  22.2347  1.52816e-09
2.23469  22.2857  1.49813e-09
2.23469  22.3367  1.46586e-09
2.23469  22.3878  1.43134e-09
2.23469  22.4388  1.39461e-09
2.23469  22.4898  1.35573e-09
2.23469  22.5408  1.31481e-09
2.23469  22.5918  1.272e-09
2.23469  22.6429  1.22749e-09
2.23469  22.6939  1.18151e-09
2.23469  22.7449  1.13431e-09
2.23469  22.7959  1.08615e-09
2.23469  22.8469  1.03731e-09
2.23469  22.898  9.88052e-10
2.23469  22.949  9.38628e-10
2.23469  23  8.89253e-10
2.26122  20.5  1.75015e-09
2.26122  20.551  1.74936e-09
2.26122  20.602  1.74847e-09
2.26122  20.6531  1.74747e-09
2.26122  20.7041  1.74635e-09
2.26122  20.7551  1.74509e-09
2.26122  20.8061  1.74368e-09
2.26122  20.8571  1.74209e-09
2.26122  20.9082  1.74031e-09
2.26122  20.9592  1.7383e-09
2.26122  21.0102  1.73606e-09
2.26122  21.0612  1.73354e-09
2.26122  21.1122  1.73072e-09
2.26122  21.1633  1.72755e-09
2.26122  21.2143  1.72401e-09
2.26122  21.2653  1.72004e-09
2.26122  21.3163  1.7156e-09
2.26122  21.3673  1.71063e-09
2.26122  21.4184  1.70508e-09
2.26122  21.4694  1.69888e-09
2.26122  21.5204  1.69196e-09
2.26122  21.5714  1.68425e-09
2.26122  21.6224  1.67566e-09
2.26122  21.6735  1.6661e-09
2.26122  21.7245  1.65549e-09
2.26122  21.7755  1.64372e-09
2.26122  21.8265  1.63068e-09
2.26122  21.8776  1.61628e-09
2.26122  21.9286  1.60039e-09
2.26122  21.9796  1.5829e-09
2.26122  22.0306  1.56371e-09
2.26122  22.0816  1.5427e-09
2.26122  22.1327  1.51977e-09
2.26122  22.1837  1.49483e-09
2.26122  22.2347  1.46781e-09
2.26122  22.2857  1.43865e-09
2.26122  22.3367  1.40732e-09
2.26122  22.3878  1.37381e-09
2.26122  22.4388  1.33817e-09
2.26122  22.4898  1.30045e-09
2.26122  22.5408  1.26077e-09
2.26122  22.5918  1.21928e-09
2.26122  22.6429  1.17616e-09
2.26122  22.6939  1.13164e-09
2.26122  22.7449  1.08597e-09
2.26122  22.7959  1.03939e-09
2.26122  22.8469  9.92199e-10
2.26122  22.898  9.44638e-10
2.26122  22.949  8.96956e-10
2.26122  23  8.49363e-10
2.28776  20.5  1.68452e-09
2.28776  20.551  1.68375e-09
2.28776  20.602  1.68288e-09
2.28776  20.6531  1.68191e-09
2.28776  20.7041  1.68082e-09
2.28776  20.7551  1.67959e-09
2.28776  20.8061  1.67821e-09
2.28776  20.8571  1.67667e-09
2.28776  20.9082  1.67493e-09
2.28776  20.9592  1.67299e-09
2.28776  21.0102  1.6708e-09
2.28776  21.0612  1.66835e-09
2.28776  21.1122  1.66561e-09
2.28776  21.1633  1.66253e-09
2.28776  21.2143  1.65908e-09
2.28776  21.2653  1.65522e-09
2.28776  21.3163  1.6509e-09
2.28776  21.3673  1.64607e-09
2.28776  21.4184  1.64066e-09
2.28776  21.4694  1.63463e-09
2.28776  21.5204  1.6279e-09
2.28776  21.5714  1.6204e-09
2.28776  21.6224  1.61205e-09
2.28776  21.6735  1.60275e-09
2.28776  21.7245  1.59243e-09
2.28776  21.7755  1.58099e-09
2.28776  21.8265  1.56831e-09
2.28776  21.8776  1.5543e-09
2.28776  21.9286  1.53886e-09
2.28776  21.9796  1.52186e-09
2.28776  22.0306  1.5032e-09
2.28776  22.0816  1.48278e-09
2.28776  22.1327  1.4605e-09
2.28776  22.1837  1.43627e-09
2.28776  22.2347  1.41002e-09
2.28776  22.2857  1.3817e-09
2.28776  22.3367  1.35128e-09
2.28776  22.3878  1.31875e-09
2.28776  22.4388  1.28416e-09
2.28776  22.4898  1.24757e-09
2.28776  22.5408  1.20909e-09
2.28776  22.5918  1.16888e-09
2.28776  22.6429  1.1271e-09
2.28776  22.6939  1.08399e-09
2.28776  22.7449  1.03979e-09
2.28776  22.7959  9.94747e-10
2.28776  22.8469  9.49135e-10
2.28776  22.898  9.03208e-10
2.28776  22.949  8.57202e-10
2.28776  23  8.11323e-10
2.31429  20.5  1.62161e-09
2.31429  20.551  1.62086e-09
2.31429  20.602  1.62002e-09
2.31429  20.6531  1.61907e-09
2.31429  20.7041  1.61801e-09
2.31429  20.7551  1.61682e-09
2.31429  20.8061  1.61548e-09
2.31429  20.8571  1.61397e-09
2.31429  20.9082  1.61228e-09
2.31429  20.9592  1.61039e-09
2.31429  21.0102  1.60826e-09
2.31429  21.0612  1.60588e-09
2.31429  21.1122  1.60321e-09
2.31429  21.1633  1.60021e-09
2.31429  21.2143  1.59686e-09
2.31429  21.2653  1.5931e-09
2.31429  21.3163  1.5889e-09
2.31429  21.3673  1.5842e-09
2.31429  21.4184  1.57894e-09
2.31429  21.4694  1.57307e-09
2.31429  21.5204  1.56653e-09
2.31429  21.5714  1.55923e-09
2.31429  21.6224  1.5511e-09
2.31429  21.6735  1.54206e-09
2.31429  21.7245  1.53203e-09
2.31429  21.7755  1.52089e-09
2.31429  21.8265  1.50857e-09
2.31429  21.8776  1.49495e-09
2.31429  21.9286  1.47993e-09
2.31429  21.9796  1.4634e-09
2.31429  22.0306  1.44526e-09
2.31429  22.0816  1.42542e-09
2.31429  22.1327  1.40376e-09
2.31429  22.1837  1.38022e-09
2.31429  22.2347  1.35472e-09
2.31429  22.2857  1.32721e-09
2.31429  22.3367  1.29767e-09
2.31429  22.3878  1.26609e-09
2.31429  22.4388  1.23252e-09
2.31429  22.4898  1.19702e-09
2.31429  22.5408  1.1597e-09
2.31429  22.5918  1.12071e-09
2.31429  22.6429  1.08024e-09
2.31429  22.6939  1.03849e-09
2.31429  22.7449  9.95701e-10
2.31429  22.7959  9.52138e-10
2.31429  22.8469  9.08053e-10
2.31429  22.898  8.63697e-10
2.31429  22.949  8.19303e-10
2.31429  23  7.75071e-10
2.34082  20.5  1.56128e-09
2.34082  20.551  1.56055e-09
2.34082  20.602  1.55973e-09
2.34082  20.6531  1.55881e-09
2.34082  20.7041  1.55778e-09
2.34082  20.7551  1.55662e-09
2.34082  20.8061  1.55531e-09
2.34082  20.8571  1.55385e-09
2.34082  20.9082  1.55221e-09
2.34082  20.9592  1.55036e-09
2.34082  21.0102  1.5483e-09
2.34082  21.0612  1.54598e-09
2.34082  21.1122  1.54338e-09
2.34082  21.1633  1.54046e-09
2.34082  21.2143  1.5372e-09
2.34082  21.2653  1.53354e-09
2.34082  21.3163  1.52945e-09
2.34082  21.3673  1.52488e-09
2.34082  21.4184  1.51977e-09
2.34082  21.4694  1.51406e-09
2.34082  21.5204  1.50769e-09
2.34082  21.5714  1.50059e-09
2.34082  21.6224  1.49268e-09
2.34082  21.6735  1.48389e-09
2.34082  21.7245  1.47413e-09
2.34082  21.7755  1.4633e-09
2.34082  21.8265  1.45131e-09
2.34082  21.8776  1.43807e-09
2.34082  21.9286  1.42346e-09
2.34082  21.9796  1.40739e-09
2.34082  22.0306  1.38976e-09
2.34082  22.0816  1.37047e-09
2.34082  22.1327  1.34942e-09
2.34082  22.1837  1.32654e-09
2.34082  22.2347  1.30177e-09
2.34082  22.2857  1.27504e-09
2.34082  22.3367  1.24635e-09
2.34082  22.3878  1.2157e-09
2.34082  22.4388  1.18311e-09
2.34082  22.4898  1.14867e-09
2.34082  22.5408  1.11247e-09
2.34082  22.5918  1.07467e-09
2.34082  22.6429  1.03545e-09
2.34082  22.6939  9.9501e-10
2.34082  22.7449  9.53596e-10
2.34082  22.7959  9.11455e-10
2.34082  22.8469  8.68841e-10
2.34082  22.898  8.25999e-10
2.34082  22.949  7.83155e-10
2.34082  23  7.40507e-10
2.36735  20.5  1.50342e-09
2.36735  20.551  1.50271e-09
2.36735  20.602  1.50192e-09
2.36735  20.6531  1.50102e-09
2.36735  20.7041  1.50002e-09
2.36735  20.7551  1.49889e-09
2.36735  20.8061  1.49762e-09
2.36735  20.8571  1.49619e-09
2.36735  20.9082  1.49459e-09
2.36735  20.9592  1.4928e-09
2.36735  21.0102  1.49079e-09
2.36735  21.0612  1.48853e-09
2.36735  21.1122  1.486e-09
2.36735  21.1633  1.48317e-09
2.36735  21.2143  1.47999e-09
2.36735  21.2653  1.47643e-09
2.36735  21.3163  1.47245e-09
2.36735  21.3673  1.468e-09
2.36735  21.4184  1.46303e-09
2.36735  21.4694  1.45747e-09
2.36735  21.5204  1.45128e-09
2.36735  21.5714  1.44437e-09
2.36735  21.6224  1.43668e-09
2.36735  21.6735  1.42813e-09
2.36735  21.7245  1.41863e-09
2.36735  21.7755  1.4081e-09
2.36735  21.8265  1.39644e-09
2.36735  21.8776  1.38356e-09
2.36735  21.9286  1.36935e-09
2.36735  21.9796  1.35373e-09
2.36735  22.0306  1.33658e-09
2.36735  22.0816  1.31783e-09
2.36735  22.1327  1.29737e-09
2.36735  22.1837  1.27514e-09
2.36735  22.2347  1.25106e-09
2.36735  22.2857  1.2251e-09
2.36735  22.3367  1.19724e-09
2.36735  22.3878  1.16747e-09
2.36735  22.4388  1.13584e-09
2.36735  22.4898  1.10241e-09
2.36735  22.5408  1.0673e-09
2.36735  22.5918  1.03065e-09
2.36735  22.6429  9.92636e-10
2.36735  22.6939  9.53468e-10
2.36735  22.7449  9.13376e-10
2.36735  22.7959  8.72608e-10
2.36735  22.8469  8.31411e-10
2.36735  22.898  7.90027e-10
2.36735  22.949  7.48675e-10
2.36735  23  7.07549e-10
2.39388  20.5  1.44793e-09
2.39388  20.551  1.44724e-09
2.39388  20.602  1.44646e-09
2.39388  20.6531  1.44559e-09
2.39388  20.7041  1.44461e-09
2.39388  20.7551  1.44351e-09
2.39388  20.8061  1.44228e-09
2.39388  20.8571  1.44089e-09
2.39388  20.9082  1.43933e-09
2.39388  20.9592  1.43759e-09
2.39388  21.0102  1.43563e-09
2.39388  21.0612  1.43343e-09
2.39388  21.1122  1.43097e-09
2.39388  21.1633  1.42821e-09
2.39388  21.2143  1.42512e-09
2.39388  21.2653  1.42166e-09
2.39388  21.3163  1.41779e-09
2.39388  21.3673  1.41346e-09
2.39388  21.4184  1.40862e-09
2.39388  21.4694  1.40321e-09
2.39388  21.5204  1.39718e-09
2.39388  21.5714  1.39046e-09
2.39388  21.6224  1.38298e-09
2.39388  21.6735  1.37466e-09
2.39388  21.7245  1.36542e-09
2.39388  21.7755  1.35517e-09
2.39388  21.8265  1.34383e-09
2.39388  21.8776  1.3313e-09
2.39388  21.9286  1.31749e-09
2.39388  21.9796  1.30229e-09
2.39388  22.0306  1.28563e-09
2.39388  22.0816  1.26739e-09
2.39388  22.1327  1.2475e-09
2.39388  22.1837  1.22589e-09
2.39388  22.2347  1.2025e-09
2.39388  22.2857  1.17728e-09
2.39388  22.3367  1.15021e-09
2.39388  22.3878  1.1213e-09
2.39388  22.4388  1.0906e-09
2.39388  22.4898  1.05816e-09
2.39388  22.5408  1.0241e-09
2.39388  22.5918  9.88558e-10
2.39388  22.6429  9.51713e-10
2.39388  22.6939  9.13769e-10
2.39388  22.7449  8.74954e-10
2.39388  22.7959  8.3551e-10
2.39388  22.8469  7.95679e-10
2.39388  22.898  7.55698e-10
2.39388  22.949  7.15783e-10
2.39388  23  6.76121e-10
2.42041  20.5  1.39469e-09
2.42041  20.551  1.39401e-09
2.42041  20.602  1.39326e-09
2.42041  20.6531  1.39241e-09
2.42041  20.7041  1.39146e-09
2.42041  20.7551  1.39039e-09
2.42041  20.8061  1.38919e-09
2.42041  20.8571  1.38784e-09
2.42041  20.9082  1.38632e-09
2.42041  20.9592  1.38462e-09
2.42041  21.0102  1.38272e-09
2.42041  21.0612  1.38058e-09
2.42041  21.1122  1.37818e-09
2.42041  21.1633  1.3755e-09
2.42041  21.2143  1.37249e-09
2.42041  21.2653  1.36912e-09
2.42041  21.3163  1.36535e-09
2.42041  21.3673  1.36114e-09
2.42041  21.4184  1.35643e-09
2.42041  21.4694  1.35117e-09
2.42041  21.5204  1.3453e-09
2.42041  21.5714  1.33876e-09
2.42041  21.6224  1.33148e-09
2.42041  21.6735  1.32339e-09
2.42041  21.7245  1.3144e-09
2.42041  21.7755  1.30443e-09
2.42041  21.8265  1.2934e-09
2.42041  21.8776  1.28121e-09
2.42041  21.9286  1.26777e-09
2.42041  21.9796  1.253e-09
2.42041  22.0306  1.23679e-09
2.42041  22.0816  1.21906e-09
2.42041  22.1327  1.19973e-09
2.42041  22.1837  1.17872e-09
2.42041  22.2347  1.15599e-09
2.42041  22.2857  1.13148e-09
2.42041  22.3367  1.10519e-09
2.42041  22.3878  1.07711e-09
2.42041  22.4388  1.0473e-09
2.42041  22.4898  1.01582e-09
2.42041  22.5408  9.82772e-10
2.42041  22.5918  9.48305e-10
2.42041  22.6429  9.1259e-10
2.42041  22.6939  8.75829e-10
2.42041  22.7449  8.38246e-10
2.42041  22.7959  8.00078e-10
2.42041  22.8469  7.61565e-10
2.42041  22.898  7.22936e-10
2.42041  22.949  6.84403e-10
2.42041  23  6.46149e-10
2.44694  20.5  1.3436e-09
2.44694  20.551  1.34295e-09
2.44694  20.602  1.34221e-09
2.44694  20.6531  1.34139e-09
2.44694  20.7041  1.34046e-09
2.44694  20.7551  1.33942e-09
2.44694  20.8061  1.33825e-09
2.44694  20.8571  1.33694e-09
2.44694  20.9082  1.33546e-09
2.44694  20.9592  1.33381e-09
2.44694  21.0102  1.33195e-09
2.44694  21.0612  1.32987e-09
2.44694  21.1122  1.32754e-09
2.44694  21.1633  1.32493e-09
2.44694  21.2143  1.322e-09
2.44694  21.2653  1.31872e-09
2.44694  21.3163  1.31505e-09
2.44694  21.3673  1.31095e-09
2.44694  21.4184  1.30637e-09
2.44694  21.4694  1.30125e-09
2.44694  21.5204  1.29554e-09
2.44694  21.5714  1.28917e-09
2.44694  21.6224  1.28209e-09
2.44694  21.6735  1.27421e-09
2.44694  21.7245  1.26547e-09
2.44694  21.7755  1.25577e-09
2.44694  21.8265  1.24504e-09
2.44694  21.8776  1.23318e-09
2.44694  21.9286  1.22011e-09
2.44694  21.9796  1.20574e-09
2.44694  22.0306  1.18998e-09
2.44694  22.0816  1.17274e-09
2.44694  22.1327  1.15394e-09
2.44694  22.1837  1.13352e-09
2.44694  22.2347  1.11143e-09
2.44694  22.2857  1.08761e-09
2.44694  22.3367  1.06207e-09
2.44694  22.3878  1.0348e-09
2.44694  22.4388  1.00586e-09
2.44694  22.4898  9.75299e-10
2.44694  22.5408  9.43235e-10
2.44694  22.5918  9.09806e-10
2.44694  22.6429  8.75183e-10
2.44694  22.6939  8.39564e-10
2.44694  22.7449  8.03171e-10
2.44694  22.7959  7.66235e-10
2.44694  22.8469  7.28991e-10
2.44694  22.898  6.91665e-10
2.44694  22.949  6.54462e-10
2.44694  23  6.17562e-10
2.47347  20.5  1.29458e-09
2.47347  20.551  1.29394e-09
2.47347  20.602  1.29323e-09
2.47347  20.6531  1.29242e-09
2.47347  20.7041  1.29152e-09
2.47347  20.7551  1.29051e-09
2.47347  20.8061  1.28937e-09
2.47347  20.8571  1.28809e-09
2.47347  20.9082  1.28666e-09
2.47347  20.9592  1.28505e-09
2.47347  21.0102  1.28324e-09
2.47347  21.0612  1.28122e-09
2.47347  21.1122  1.27894e-09
2.47347  21.1633  1.2764e-09
2.47347  21.2143  1.27355e-09
2.47347  21.2653  1.27036e-09
2.47347  21.3163  1.26679e-09
2.47347  21.3673  1.2628e-09
2.47347  21.4184  1.25834e-09
2.47347  21.4694  1.25336e-09
2.47347  21.5204  1.2478e-09
2.47347  21.5714  1.24161e-09
2.47347  21.6224  1.23471e-09
2.47347  21.6735  1.22705e-09
2.47347  21.7245  1.21854e-09
2.47347  21.7755  1.2091e-09
2.47347  21.8265  1.19866e-09
2.47347  21.8776  1.18713e-09
2.47347  21.9286  1.17441e-09
2.47347  21.9796  1.16044e-09
2.47347  22.0306  1.1451e-09
2.47347  22.0816  1.12834e-09
2.47347  22.1327  1.11006e-09
2.47347  22.1837  1.09021e-09
2.47347  22.2347  1.06874e-09
2.47347  22.2857  1.04559e-09
2.47347  22.3367  1.02078e-09
2.47347  22.3878  9.94293e-10
2.47347  22.4388  9.66184e-10
2.47347  22.4898  9.3652e-10
2.47347  22.5408  9.05406e-10
2.47347  22.5918  8.72981e-10
2.47347  22.6429  8.39413e-10
2.47347  22.6939  8.04898e-10
2.47347  22.7449  7.69653e-10
2.47347  22.7959  7.33906e-10
2.47347  22.8469  6.97886e-10
2.47347  22.898  6.61815e-10
2.47347  22.949  6.25893e-10
2.47347  23  5.90296e-10
2.5  20.5  1.24753e-09
2.5  20.551  1.24691e-09
2.5  20.602  1.24622e-09
2.5  20.6531  1.24543e-09
2.5  20.7041  1.24455e-09
2.5  20.7551  1.24357e-09
2.5  20.8061  1.24246e-09
2.5  20.8571  1.24121e-09
2.5  20.9082  1.23982e-09
2.5  20.9592  1.23825e-09
2.5  21.0102  1.23649e-09
2.5  21.0612  1.23452e-09
2.5  21.1122  1.23231e-09
2.5  21.1633  1.22983e-09
2.5  21.2143  1.22706e-09
2.5  21.2653  1.22395e-09
2.5  21.3163  1.22048e-09
2.5  21.3673  1.21659e-09
2.5  21.4184  1.21225e-09
2.5  21.4694  1.2074e-09
2.5  21.5204  1.202e-09
2.5  21.5714  1.19597e-09
2.5  21.6224  1.18926e-09
2.5  21.6735  1.1818e-09
2.5  21.7245  1.17352e-09
2.5  21.7755  1.16434e-09
2.5  21.8265  1.15418e-09
2.5  21.8776  1.14296e-09
2.5  21.9286  1.13059e-09
2.5  21.9796  1.11699e-09
2.5  22.0306  1.10208e-09
2.5  22.0816  1.08578e-09
2.5  22.1327  1.06801e-09
2.5  22.1837  1.04871e-09
2.5  22.2347  1.02783e-09
2.5  22.2857  1.00534e-09
2.5  22.3367  9.81224e-10
2.5  22.3878  9.55498e-10
2.5  22.4388  9.282e-10
2.5  22.4898  8.99402e-10
2.5  22.5408  8.69207e-10
2.5  22.5918  8.37753e-10
2.5  22.6429  8.05205e-10
2.5  22.6939  7.71757e-10
2.5  22.7449  7.3762e-10
2.5  22.7959  7.0302e-10
2.5  22.8469  6.68181e-10
2.5  22.898  6.33319e-10
2.5  22.949  5.98631e-10
2.5  23  5.64286e-10
